45.030057229088214
40.93582296506463
36.801799398352635
33.07053830471879
29.354118108132738
52.870702827076215
49.177296366117645
44.98232441462244
40.895693842082395
36.90253053015169
36.56602978349841
32.69326209063573
29.156727321597224
25.645486809470018
22.381305546454687
59.402105606569876
55.31854677852998
50.1577204031119
45.16043936785654
39.57439502755808
53.31949784913015
49.58157746634386
42.898299341502124
36.04845855706012
29.00380759984721
43.39391789452235
39.44091450300337
36.17637879964233
32.50812155619864
28.51463178604135
40.784053807834795
35.57103357923634
33.16494321898153
28.46189636933479
24.063605187498645
41.566846798555346
33.772888325305935
27.100359773919326
22.117141088812392
18.71569773332759
41.712384749079725
36.8120247822231
30.385522514275706
24.87333199193657
19.741362917389043
53.780820916736275
47.86492799309748
36.93775085740765
26.407672050186815
21.68526457717235
46.433444836608686
39.580532711016446
32.74985112222771
25.14564884070087
19.161212578922513
34.43592556126206
32.876282827010016
28.28822018075614
25.48999167670502
22.80303906479347
38.74021264852042
28.83163371115647
25.207246309148708
23.655916602294617
24.017842412376375
32.937279836891086
29.738286018011472
25.239300460310705
23.277553420498712
21.037952233752144
23.24490755372583
22.379503687852495
21.99859074949176
21.410062087349875
22.6498411551919
29.758486028014282
25.32655155671705
19.319632036138536
15.778617210768296
13.393644130182047
34.78670402891123
28.341448540892365
26.085107489547067
21.146076174349922
19.67289089640524
100.0
100.0
100.0
100.0
100.0
44.83684273345034
40.59229788669654
36.469225584882366
32.541152449224235
28.88235807723244
54.337356162459855
49.343210038032055
42.5703300964022
34.02714824649228
25.252956472578095
40.58332457205891
35.75574092625676
31.079796694265546
26.661758166279135
22.78850445907965
43.7953350872921
37.987441803600106
30.155519681034946
28.1487341743237
21.891807891739123
52.45839856109644
44.03843825416069
38.96098336308466
32.17723913315328
20.862122737992653
43.68037450414943
37.18795895527521
30.63462687385257
24.11576088999474
18.99792315612014
42.25604206424368
38.48917417857295
35.01683841683206
31.587736012395823
28.385875778867025
49.77437299510526
45.99818961202833
42.23511446549694
38.515412789497844
34.93597247232587
34.92951068583376
31.651838764775558
28.34501738778943
25.064682296411643
22.114643775191322
55.53027590406914
50.692880706700535
45.3691271459999
39.90481266384171
34.562603663193784
50.3053581341815
46.44116060866057
40.11557155512623
33.98982146319353
27.45680850254618
39.99003590043253
35.78722964957298
32.27330079209167
28.971120825764075
25.64502624025763
38.02989327835139
35.10941852055716
32.15464950068509
30.831472884904258
23.831426109375546
45.55917434703515
38.794015716048385
32.62004213098595
27.607862246621814
23.869505198193863
39.804059607327346
36.59951716748406
32.520905618229314
28.344222194981676
21.576849053214545
51.303572741910834
44.522639318904176
35.77140519533641
28.67151181687046
25.06279681315162
38.60269295560923
32.70858005629279
26.7677883102981
22.630049981408554
19.55470716775951
50.71724732270226
32.112711588351445
21.52622750248957
20.98008907562864
18.51298439805582
32.655182788315486
29.217204084385937
25.243844798468356
21.5478990941037
18.854806092478483
32.92053804993841
33.510851432889545
29.834619934193228
28.354538249322744
26.122418680277857
24.115795691981724
23.413017580588075
23.17035618897069
23.292202268180677
23.40085648549433
29.743352578064837
25.33708192800301
19.35719106684789
15.802193436872521
13.7150822134588
37.703687011957584
32.600398003944235
29.345178288736477
26.352277479354562
23.090762079906625
100.0
100.0
100.0
100.0
100.0
43.32099812449006
39.4113764140883
35.91324210379355
32.38333551708219
29.032515959752963
46.94828373282165
39.16505902024627
31.440955096784116
25.050773398214297
20.136135355727944
37.34727585952427
33.32938776693251
29.673864100003605
26.05505573003073
21.559634590085437
42.1039090018708
37.73485518261889
33.38590747093669
27.676996922852
21.85996341700674
43.85374192323408
35.03090189828605
26.231368770308777
22.26850573214187
20.31062755516579
38.15366705299163
32.02736424147822
26.293288633091414
22.131842028854415
19.12462762026681
41.37203319796126
38.10080704682526
34.70888596197711
31.38329987436297
28.240055378677532
47.98610492607079
44.6239094648105
41.22884437524843
37.836296786477206
34.469625881247964
34.66865198781628
31.52951673370869
28.25201791825567
25.142408370698156
22.0627380070607
50.70406023157222
46.187600329712055
41.96976068831017
37.37958319487761
32.71771817850833
48.19113593844209
44.83580014063668
39.1693395844768
33.482647774879574
27.49893342831279
40.6626252709449
37.216374397908794
33.949626921524384
30.504539803439688
27.054926641949095
37.085212750339394
32.720848811328054
29.987244161678987
26.76988636455302
21.512796851526318
44.40213019473531
38.172348698861605
32.272232649446806
27.250641940629876
23.334192871078248
42.54400790737705
39.384546569739804
34.73503794126938
29.64303174344856
22.51687050140587
48.810014328417424
44.48075378189025
37.16592763704608
29.52340282493902
24.57547894230988
38.503602147606685
31.563808534719694
26.365770605511894
21.89340650944589
19.020369286023186
34.099217998724576
31.335128135648453
22.109153439496975
20.86008734914223
17.96584974141355
37.274885904954985
28.561969254282253
29.300125841540495
20.61551646451807
16.31988758709293
31.53111253243655
33.544340417877414
29.14293397654464
27.564454154452434
25.377227868734348
24.498650211019214
23.998980546561356
24.48040477422561
24.460032148759915
23.90583523851293
29.774469412543226
25.460707846560943
19.397745860693878
15.921110105435082
13.524145678111509
33.45322198998935
28.663999367036297
25.27391115642109
21.90593403168828
19.144422380293015
100.0
100.0
100.0
100.0
100.0
40.69812692646775
37.118978020987576
33.84961932966971
30.511718357233764
27.222418480079575
42.63428172890714
36.54391964558999
30.01466480349475
24.16139643412734
19.379594021258118
37.193515031781246
33.570512191425316
30.151896049612947
26.778274306655394
21.652805586760326
44.35291907666831
40.6325045288733
37.0620385862015
29.4711101359378
26.081159490554914
44.48198278825303
35.907808014664624
26.628630825185088
22.838295894967402
20.486885842362184
37.67343769636246
31.51402476096955
25.704416582514288
21.394183735220164
18.69539115101944
41.99762431962292
38.42919585656941
34.932470349280734
31.613416408261735
28.293368290912035
49.629748165123495
45.714151437982665
41.967302214186866
38.474149648775594
34.83676133699676
34.79398751518607
31.569656511610464
28.204114357677383
25.133187309023022
22.03208959941261
47.63689270501415
43.479778740243766
39.614350719149165
35.44585149345888
31.445930987617736
50.10683577891756
46.28426004679676
40.00697026539396
33.92574845063033
27.57638996097768
41.09143097718358
35.810118687798024
32.93281127737361
29.47255498456462
26.03995616540256
37.863363058352334
33.666795270440176
31.284826162948566
26.097136121296852
22.08635656597661
46.47341660547541
39.919258107393325
33.818319282736994
28.60276399114823
24.480018813710394
40.377101417330934
37.346319751874724
33.696899573687354
29.310324370825057
22.532514194770123
50.952579692680224
44.43123718484681
35.86185080219078
28.796587794631808
24.500059390238004
35.27712334472117
29.73380551716079
25.505572987233542
21.332026727149174
18.77281552864851
33.037237724339036
29.862626003602855
29.118710075540115
20.09208821402549
18.42468469083856
33.75668499543763
27.6561327855914
24.242614007019267
22.26906459828994
16.555544872833764
31.45878347302903
36.10023721836762
30.635876388489073
29.17469844196075
26.960448747802666
26.66826763882769
26.0898865010104
25.536379141883472
25.684715163892967
22.530274984355913
29.78776783185202
25.33081715586043
19.35348147018544
15.788688269834108
13.586963429510941
34.85368798130673
29.05238257766964
26.67493578233013
22.18120143730698
20.53533176207837
100.0
100.0
100.0
100.0
100.0
42.24771279743806
38.72453399117416
35.20311573835281
31.78441784805797
28.54450964588656
43.47522605737361
34.889887923068635
28.049076244575218
23.051111186906535
18.88714388284398
36.34465692004704
32.66349713424218
29.391826356424215
26.360157889994582
20.14307892820606
42.58357888065032
39.02960761036075
34.182113060233895
29.65139553443082
19.797817091830655
44.26852461148915
32.33073884763074
26.168586139122432
23.439032768726612
19.70220995413736
35.235032602125486
29.500955015993814
24.90852611699296
21.408108116290265
18.417277737064992
46.21986245470985
41.92449523607734
37.84819904920433
33.96614301869997
30.059660749888426
54.13862001400961
50.12396895737843
45.97375397842198
41.77469095480288
37.37348746674978
37.25525177670529
33.455800037995836
29.818267326452546
26.312478084740842
22.884424311155463
55.93068795405014
52.28774026976823
47.67025348027946
42.46242916428426
36.82179334192573
53.94355344700175
50.19091554572122
43.20231111493834
35.539846415052
27.41776880125828
42.56173981479983
38.14025039963727
34.735043569077526
30.74456170807977
26.664782924502227
42.22081828792997
37.204071873238185
32.3721504898041
27.050246210069382
22.944911484513987
43.49561128949449
34.67303821302325
26.76191699662574
20.589447461351945
16.373210033246085
42.90787254162407
38.414671021200824
31.570089713991656
24.031417381957635
16.925182893118777
54.20546139917842
48.057783168783246
37.57997499359659
26.476039394902845
20.836986014526907
49.460686372313745
42.13099640871508
35.19210569379381
28.03259538861689
21.0631602445742
33.86323740703828
31.451384218334262
28.210321577308072
19.82913904941612
20.831092832017127
38.48768424656
47.652467315628364
30.00897575403833
22.91552833364776
19.639393953438265
32.54577280624317
26.873007268871852
22.211181385268496
19.790264330573287
17.26260895423853
19.94211741550414
20.193286358155117
20.526994202259452
20.70986581664965
25.074949252226606
29.80163662898503
25.42975588890212
19.554791525072353
15.911425190325135
14.07904293747865
31.789301839836952
26.750996936335717
23.049170684879407
20.363321735313107
16.614313996418876
100.0
100.0
100.0
100.0
100.0
45.03155457783344
41.01505377847933
36.88842722380625
32.80611756851597
28.831669486261838
54.11363163971579
48.59173060141941
42.10307585183111
34.41457011161883
26.966606887020212
41.468692770793794
36.17197302900064
31.400854121532994
26.63875330297522
21.54270218963767
48.78329042791043
42.84920507988407
37.09700153562038
29.65139189953673
24.78936359521265
53.07238241106451
45.532895029405935
40.953287883567455
37.618044998855154
32.02228828691417
44.854361344544344
38.842317134821926
32.922816550807674
26.922640931692246
20.902527921115336
43.598256653158074
39.99122185341755
36.05085707803965
32.444667503366716
28.86685546248539
49.439442435500254
46.03564929941265
42.46356496596162
38.7338077652924
35.031077118874265
36.33320226670926
32.65969338769281
29.077693727894037
25.891620615143513
22.626394930339224
53.833740568094264
50.162131669968204
45.90409135874086
41.200460298396386
37.089358706223635
48.15053369080771
44.876342026439744
39.160978003710554
33.07879514928939
26.587386551678275
41.48691410683792
35.593951996844496
32.20688329499954
28.862035955661508
25.387340496279663
37.29721810856375
33.225976004741526
33.0904209179809
28.257317549383984
24.16511309039088
39.2472546529683
32.470534988476444
26.422056470085565
21.7974364079716
18.53519194569342
40.95694793527158
36.52529212760631
30.51483030453802
24.5986873516311
18.578412077308613
52.584000295928874
47.12777936932079
36.96513764559052
26.723360839740074
21.975437585078176
45.4152148626345
38.29516578715725
31.851270208951213
25.05895007064212
19.197222621892777
34.436445832646044
29.832774318192435
27.3766182985679
24.824578927865993
19.804442868382115
36.938851958752636
36.39370325144697
27.537451910781975
23.212327328604403
20.249373825173652
32.72303368184498
29.220908941901975
24.345548470542685
22.33046919723442
20.19628707151424
22.046955825819282
21.493926065104194
21.24693834907133
20.696299893783504
20.79050122817965
29.76464305619845
25.727495938989257
19.309666087825686
16.368357069339453
13.339276666580378
30.223291755932195
26.479124108661487
21.953475112366565
20.382587386910487
15.804112175109623
100.0
100.0
100.0
100.0
100.0
40.588245474229474
37.15564966920801
33.749097674561476
30.310415847248542
26.803615331772065
51.28863933456839
46.433294476418816
39.98482344453447
32.83218821390409
24.797226257185994
39.39612172326873
34.896228481580366
30.447937698103893
26.20583438403283
21.872114278660383
43.176591755748234
38.30567623169357
32.62912082817728
28.74784512112706
24.747154731354932
51.39912494391474
43.47013465391495
36.864949140643894
32.53593697915265
20.528854513361615
43.47275327934049
37.609162732172365
31.246807812749402
24.808937987058822
18.936620508474334
43.355301366467714
39.741156846290764
35.938593896938286
32.374824641272596
28.893720949580505
50.62670451924074
47.06738411646809
43.262878086850456
39.607123307034534
35.86583496940338
35.69900995191815
32.21576995536468
28.810432256401022
25.44241839307487
22.215894345903227
57.367023715270975
53.235127189235705
48.30465316463592
42.54684829747357
37.09423828654971
51.07658299251124
47.53367401379117
41.42452760251176
35.146138314039426
28.472790888487044
42.06487183367585
38.82858191985849
35.53075648697646
31.904145563400938
28.2417189147139
39.16825503320699
34.61351296804412
29.851262349923037
25.7004327139798
22.26673867332813
42.82449321141539
36.34573932632644
29.894591816698124
23.935697189288803
19.108126194683187
43.36274469482659
39.67395732558403
34.11500041903812
28.02010427870538
20.99160602981285
51.91855701877289
46.65025248064601
37.64146473820468
27.888284361806384
22.819283910517235
40.59199521864855
33.23748119704206
27.199244022585503
22.052916576653118
18.252598600048078
51.12257123938871
30.386705368681483
27.04851311292563
24.13139274625361
17.03741326365121
34.62766984648587
29.694194766447644
24.73509266111425
20.962597555065983
18.21533216224491
31.619091277195253
31.365465111456764
26.54144817563651
23.943711549193523
22.28412959685111
23.927438891775715
23.013403756704882
22.702082675879435
22.673734428921865
23.16334024033808
29.77371568648405
25.334702953152824
19.332183362610035
15.801602980895211
13.460200526595091
33.85128416871459
27.807143894299358
25.36828800901667
20.95116696697076
19.104886886443214
100.0
100.0
100.0
100.0
100.0
42.214866885685055
38.760069359298186
35.09965140301073
31.696873384915186
28.282087563751244
45.974321333506005
39.2327444573897
31.787482023575457
25.659995158756534
20.20554112133556
38.0516376803372
33.90863598391021
29.963584796090743
26.317519408160152
21.559888697873504
44.48233351194034
39.39410646734547
33.88826453304994
28.824560294813143
21.515497300655333
47.02044241587568
38.0622555307001
28.449375619099758
26.682609991005734
21.278894776769203
39.8025168847868
33.32898591262774
27.009806137409885
21.999064144501293
18.300776990013098
45.26833243616207
41.34001565701947
37.432417985647554
33.4995516570938
29.816931624313888
52.458036388523475
48.5160239161982
44.570550695793
40.61924462619193
36.55493970884761
37.12187673685902
33.48155008038292
29.82125268097645
26.285160001514193
22.966756401113248
52.53181805917565
49.13996022767931
44.978030514340254
40.38826479590399
35.60226085776401
52.26756843319371
48.51561646603213
41.9317696401773
34.94896537134053
27.4670448203347
42.19229900009185
36.845596698987904
32.92639631607659
29.072059552682916
25.410874682935642
41.577509194965046
36.6186837655962
33.17716605750293
28.478282529758285
23.521618262280203
38.505784884356565
30.929352787187995
24.20246371276013
18.905674045369015
15.034484362042896
41.94351476418124
37.95283370793405
32.24221898388369
25.51285564092605
17.944992817998582
53.04435540117122
46.92759992216609
37.22523756863428
27.276887343660206
21.782462872051394
46.394469502552965
39.34439612772729
32.68113387078981
28.09893543664282
21.281511049394787
36.70919304195264
32.219915172102496
27.569573450648292
25.803885083064504
16.123372560818265
38.733071421950925
28.03752935826146
31.842670958363147
25.355369625910114
18.813304991828858
32.435742652099094
26.410539302040444
21.27566987369887
19.958317868425784
17.04015240013482
19.8278368264154
19.94720716433912
20.580767145505902
20.869003072130347
23.708179355338185
29.768480227223524
25.673819211423012
19.320233191817792
16.327389096623918
13.417836741501628
29.849601630611808
25.389773843179768
21.24356877311261
19.642621014084362
14.941976097239698
100.0
100.0
100.0
100.0
52.79271536917512
43.25428553574849
39.66367434146005
35.89228730175747
31.995915644820062
28.06394086186621
52.590583768125796
47.66080921472454
41.23194169911741
33.78760745676305
27.040141785017685
40.947020522829746
35.96763304933807
31.466638744118054
27.04804687164659
22.31069230516582
45.13719507684998
39.61406602756982
34.295924719491076
28.35781867039877
22.66058099971906
51.39367185226281
43.22766266485541
38.38255688292863
35.62701847651642
32.672347514851026
45.15803687138791
39.03594606331683
33.24328317571029
27.0836501528391
21.135178760543493
42.31096040445551
38.87198486846493
35.44338943961088
32.04220677472195
28.743488722454877
49.20677198135981
45.88148135039699
42.287538486313224
38.75274040644841
35.36456564080951
35.341482447316935
31.951292915154767
28.618867434106576
25.424722471967364
22.18274691768821
52.64341161372228
48.376733663028006
43.53705248323588
38.42152392375924
33.46576328594122
49.47474496631199
46.0590086497768
40.29879975116914
34.495526757940326
28.263946938873787
41.70544132202551
37.916040186415124
34.77924633848787
31.196903277784354
27.552156679404604
38.93406478771586
34.975536534256776
30.561260102689115
25.465102007310932
22.527226696487062
43.12033133638978
35.905562708160325
29.094280329403478
23.296308730349338
18.917421311171054
42.64455823300109
39.10587316787784
34.023511802424125
28.473625089556236
21.049222206043716
49.95075641035916
45.22826952895965
37.60230306001532
28.541390438691835
23.59847266055762
40.061735624475645
34.58726117915711
28.116956999138054
22.311905009343782
18.040830534704202
35.352015810859186
32.441846529057884
27.652219444342126
24.453620701554616
18.241558809083184
33.85069522016693
29.29862246620674
24.500537296380468
22.471934605886823
22.419062479729234
31.64788731635656
30.446261477149395
25.329805346427694
23.232151827274606
21.2859235291928
21.977930527863645
21.75026264579238
21.47765002429416
21.427370998008026
21.841638738113932
29.765135819263342
25.34716838572297
19.319197791396153
15.811848892271161
13.364019896098016
32.03377688465321
25.971910955808223
23.67836367743081
19.283637645071206
17.448081695729318
100.0
100.0
100.0
100.0
100.0
41.74306453359968
38.22455554450183
34.99870126720993
31.593451818528994
28.33247938024492
45.099654662783706
39.09716734970635
32.72281417973868
26.325192914756474
20.60752597416365
38.17651910199241
34.21644747514521
30.345008252044604
26.86868051421044
20.639940513616565
44.14566041823516
39.502542068914444
35.16573721100321
26.23265133079025
24.86677852506066
45.476647977904406
38.57270125204578
31.56686510825837
26.49368018893763
20.56498296755496
40.19747872047685
33.961254296452054
27.524391982213572
22.20989312512139
17.944166708299836
42.5225903232673
38.926300100042155
35.334827209404416
31.869594997723304
28.518031046271183
49.552706058518
45.88735528308162
42.24153319573955
38.60995505618664
35.02780527262509
35.3144436084851
31.92331330178654
28.57110928563502
25.29116913610395
22.168827340938066
48.660445960604896
45.24726547991236
41.13563979461915
36.88556710937454
32.75406814726485
49.63489983577049
46.07931925192012
40.04510691586627
33.97349179832267
27.69768501729056
42.34921884491729
36.807047131098216
33.660582331814076
30.207859507362667
26.85103894074953
38.37565549784443
34.37193810887904
30.039649935615834
25.208316305830092
21.668902632732824
44.66219093575017
37.426803344364295
30.65676644665848
25.056196195186825
20.894667581772115
41.5660617305809
38.15100203638691
32.862192750359526
27.167681360474955
21.043409683403766
50.55034989016744
45.09525860175401
36.64797038623972
28.107339538295555
23.390109812288816
39.43572661846204
33.36310128659839
26.783545047841606
21.747714436795032
17.816539934213726
47.92931832416916
32.66186923026237
27.294027022169548
20.702722433989486
16.836433388135998
36.97452285726164
28.402174581644374
25.557055862188363
19.966593090384627
21.44180941462956
31.797922904625615
29.608326601613626
25.207893152573302
23.021541401875467
21.758296727081575
22.669337740099603
22.148101842666918
22.01031303291105
21.95239018087733
20.727983147348553
29.77426628770299
25.423007804328037
19.32078413081178
15.892525923916217
13.411300537389776
32.49123029126663
27.202099834190054
24.221121801866786
20.993631703249378
18.006173468693294
100.0
100.0
100.0
62.898269983788744
51.200779054902455
41.42280499517107
37.95919963624786
34.414257571518625
31.134732735653557
27.831896984741572
44.9321341765031
38.35428112093427
31.652173684469975
25.536677650526435
20.013270358530583
37.496896566967486
33.374573758590074
29.771555960676167
26.222899961175834
21.050046977437727
43.76641513297652
37.54157583647054
32.910705077086455
31.447483546306948
24.90975164537128
48.39760228906373
39.271135654135726
28.196071542814842
22.06793082550641
18.746712656882252
39.6191147592
33.449766266660845
26.839661227345374
21.576322578307575
17.61123605405623
43.808879930847624
39.922942730446536
36.21978496692066
32.67712066906298
29.16004869050164
51.42402980443854
47.673354617872064
43.72732542778455
39.95116578426641
35.99249875273611
35.91946422021118
32.29362307565762
28.96311270439734
25.645630871665418
22.51547222734427
57.21272080791772
53.665490547660006
48.6747054095028
43.20077250136805
37.62096941378269
51.801891815871805
48.158835501061574
41.491097976051925
34.37538736892466
26.98881445196571
41.11842286296687
37.69432570637082
34.07969147051007
30.45130650456803
26.48063887187744
41.9221777536646
35.42310099664829
32.02121972726639
27.12648435392472
22.370593358816684
42.215039714980975
34.99773641413155
28.428399851628793
23.237115638931556
19.540121041358322
41.11200427705988
37.149704388151505
31.576587721252636
25.446174633977687
18.865499713761064
52.46800863327958
46.74715300031602
36.53315461744386
27.348664535148558
22.384469584305364
43.52825347821579
37.36782161900954
31.44813211963215
24.214817607000615
18.953655806885216
36.159205278463055
29.44275761685578
27.614656889208533
23.157254183388666
19.60201463008174
30.08150417601835
33.4323707976535
24.076591338244242
21.781896128883336
19.07497994717496
32.80692598722995
28.287291331808007
24.199247247135144
21.848878695586404
20.1915602616618
22.580152835517573
22.434605829210383
22.1949934540392
21.864619156099764
29.37810019854271
29.75299484436293
25.368015754463435
19.560917018006556
15.819783157791269
14.032242082672768
32.80332014084953
26.876128517227777
24.372729189310043
20.748674459015113
18.123120062480808
100.0
100.0
100.0
100.0
83.55164751940677
43.864202962412435
39.785541766390516
35.84886779714418
32.085097361143504
28.4977443664284
50.80241596173663
45.00012178854366
38.396138874268686
30.868733755711336
23.507526489781444
39.20461980784352
34.7922990319314
30.256099561819543
26.18401818693725
21.520333933413568
46.091986329734524
40.566472881101106
33.50490562587157
29.148090669765892
24.52097278117669
48.985870689826044
41.696939817380176
37.330551141278754
30.919553781386785
22.331844042125194
42.76038715039054
36.69744727187546
30.647221352732977
24.00217555627289
18.633217217707845
42.1461287294973
38.563313383885955
34.92751720896316
31.531772930055247
28.38708857195643
49.25927708981134
45.54629350450754
41.717116985341825
38.08969005249789
34.6095084451241
35.08431095583407
31.701196680579574
28.48820701629392
25.174117108620454
22.206881629403014
52.511559846872174
48.38235962359615
43.509358719271056
38.45075572811752
33.695992284607556
49.030281634291946
45.388476770839254
39.27479916737327
33.2569530644558
27.02856538032384
40.15843341926776
35.011258158005745
31.64889191290291
28.509742185387566
24.915736779315765
36.56219660832065
33.18606088588066
28.39278114377207
26.825066052835535
22.305172092656743
39.04585496849039
33.316857050540996
28.080893686143952
23.688780492550737
20.066908074701
39.723002682725884
36.619895685641
32.39633372934508
27.875984299707834
20.806586893071007
50.929829105694324
44.816644529894056
35.78364490119285
28.567864625800826
24.538968729321873
38.067424875874146
32.22524117685421
26.4135535877821
21.960560451660754
18.63212128925204
49.549036965710876
46.12933987020508
28.06111549655391
20.76446577908232
19.510619212761128
31.872862370869058
32.01286419266131
26.173946510996267
22.001474901846674
30.73737291896835
32.31405151013868
31.86442490992117
26.781876653563323
24.994059316385588
22.43088728458966
21.661114922197292
21.582019255374966
21.62795946672043
20.89528698719121
25.721607257494803
29.754815868562407
25.536275562126725
19.305468308060195
16.069543745186188
13.295930082659872
31.251771463834956
25.90542082985924
23.120499317376847
19.174689979786166
17.019133525227655
100.0
100.0
100.0
100.0
100.0
41.09889441660822
37.52424759671846
34.0874101866661
30.71840474464688
27.412230828966923
45.10427708498587
37.72250470964363
30.873114247510365
24.747838062316724
19.89344469140545
36.82186418615233
32.90644904158506
29.522840624233343
26.130739260803804
19.542170487740353
43.57567511001246
39.282709218791005
34.76800141514067
28.268781360036712
23.54806082197652
48.15180750925913
38.83322225046319
30.051558025798197
24.95886274716781
20.785797964477037
37.56567644318303
32.44326489957268
26.641216803483616
21.459055006728267
18.135143539241888
46.01424268497287
41.63535466212864
37.335472321844996
33.321815656361096
29.57112691130768
53.79697674437982
49.61352340959082
45.2474586346304
40.97144361527967
36.76466821384207
36.98424228253625
33.193446769871564
29.40873522007356
26.001592383169285
22.57439983557976
53.64796983872615
50.816308671042655
46.69839546590389
42.28541781573035
37.18853289005005
53.19682594587205
49.399642265656105
42.60119519160315
35.52741166835549
28.26152388472105
43.2062237135484
39.388480739389806
35.67143909587419
31.718794082208138
27.80682096805943
42.9281770981519
38.06618281300599
34.44480391063662
29.809383006577757
24.197857327193258
40.64271116914788
32.715409589798405
25.895659544068742
20.849518424232883
17.509927145841562
41.18939018437267
35.916600186625274
29.36608551589185
23.360840995555744
17.751452090882587
53.27424042680535
47.59924607541823
36.44057668771608
25.88224433347436
20.881133812774713
51.69887107484346
45.283290940962885
37.640923314077185
30.286448228195482
22.147896351766935
37.356173258156105
31.306151899464627
22.210404072026545
26.03582759488022
22.207978246607688
42.21112428473056
37.65368119321929
28.378749023396175
25.77978813298848
19.891766297195623
32.56753209536734
25.832768805855263
21.247193099089774
19.890586977740433
17.868431599802985
23.38707488248094
23.031014533789115
23.003753475950944
22.068433153532844
23.784453284713088
29.77345329633088
25.523346090757506
19.32551518281525
16.019510371493723
13.406413645140553
32.130900036637485
28.08059655701971
23.746464501243686
21.449766245098402
17.39308511565027
100.0
100.0
100.0
100.0
80.2875318947043
44.244149308040754
40.0713303361925
35.93977113807699
31.854623812009486
27.97615345981983
55.620164129315945
51.186436852225576
45.58184281045993
39.1464515056161
31.796852615122717
41.95868763832689
36.84447936288106
32.165116314135055
27.498660473784895
22.975720575909865
46.46226206003252
40.07354555614138
33.99658293981807
29.364385883047518
22.43301062325827
58.12134286477507
49.62563234454756
44.27393093913299
40.950237993494376
33.72681548143988
45.76152436665908
39.875928519086955
33.62862046678826
28.144049038558478
21.950781742221505
44.860229000494925
40.54795886037959
36.52949180692715
32.74855067405221
29.212831150592283
53.10696434437918
49.04953137318374
44.64948764352346
40.638293587230514
36.55248420123231
36.15759268998906
32.5926575402036
28.96191566782598
25.623135879739568
22.413356219830376
58.01365486622919
54.285720586164075
49.14753096190344
43.447051248788895
37.68987306045418
53.60727633674855
49.5009649368858
42.51698637809195
35.570924157791055
28.389310681030878
42.47123038884226
36.40955136632832
33.63960521396627
30.206014321329203
26.324469475584003
41.895298191401686
37.03570899637324
31.55136590052472
27.43746340409263
22.4692682416769
44.20733962576406
36.19004545131842
28.873070044973357
23.087022498046675
19.120226302832606
40.94641773347632
36.576034180399255
30.975098977032363
25.326654951781965
19.436600151987804
54.07161767607615
47.17892959924843
36.15180308958694
26.528105942861743
21.77483625268072
46.44166386889794
39.213216816967886
32.64246077503227
25.383153633769897
20.003871382368906
38.76865173511627
41.271005369027804
47.66848486864549
24.57346658271151
18.75892582132105
31.160905036424218
35.9415546076898
25.96960195039425
24.174754249815543
19.662151915058676
32.11844808591155
27.937961417356007
23.46815372473072
21.330420485068686
19.366634869395607
22.91198032962143
23.11576876685724
23.27406662373931
23.403153430174456
27.11875400843296
29.773021047941263
25.351045122229912
19.347712444997818
15.837975875938533
13.538612496388453
32.28833663665163
26.353350328303065
23.894650987838972
19.820220010291262
17.630101653322935
100.0
100.0
100.0
100.0
100.0
43.24848115050028
39.51577412989879
35.49573345703681
31.79091596490242
28.218402121114153
53.462534456866095
47.12408788516561
39.66982864930718
31.447153342884192
23.886095098405384
40.09981531581393
35.17885639997963
30.687737639688617
26.49769407425124
22.27400399059232
48.24472995069292
42.278775290764145
38.01258640183032
29.86986864969905
25.318869798760026
47.40358272581705
39.81486967446454
34.20800857937054
31.00238326503597
23.272052004519963
43.49539870082042
37.43246951874875
31.38484694342928
25.224553294707487
19.390177316982825
41.74927055005299
38.24068111194072
34.811334768718964
31.47301654598264
28.24290371939245
47.69280521177676
44.316508833351776
40.67936269454687
37.169803230785504
33.598162791453234
34.98429660988784
31.87939760855652
28.571482183104948
25.508427735541854
22.495100429067833
47.83448014292986
44.08050965109042
39.78192024715527
35.40495784624135
31.21358297737728
47.21828068638602
43.77809309663313
37.8258949656681
31.685566642618014
25.080874003183034
39.23346583919126
35.55644515127025
31.930493246360466
28.516549327055817
24.83897251113135
35.90361283109824
32.412979686442725
31.65553127415025
26.679207620584645
21.20503915319189
42.047311629001875
36.08479566742015
30.39566528810818
25.444462929780748
21.377272901250404
40.568880646817504
37.341464452742116
32.44860670579381
26.421372063181167
18.641959218537515
49.758097988364455
44.571620972159884
36.60872587819087
28.91316638856089
24.521416900799245
39.73522503060396
32.267787621673875
26.632749282286554
21.798810371738174
18.35615625095633
33.14224615065412
28.149912531428235
27.705630085751594
20.713622936101252
17.456454033910063
39.89815771199279
30.32400154474476
25.642993695171747
20.903128415232946
18.17590894224197
31.74137175289114
32.67321314661197
27.698021130656024
26.263328498323148
24.17391532321288
22.07209565003511
21.593961455114442
21.007984208033754
20.683454990594985
22.202719781867813
29.815550586824887
25.770664215536296
19.576037668830196
16.241847119307778
14.059722317228827
29.148542518594475
28.55287226208751
20.93326288857796
22.55606680890398
14.896539347293391
100.0
100.0
100.0
100.0
100.0
39.10807617216611
35.669520570299326
32.216106565409696
28.757544771992475
25.46371098448311
45.10091813581173
38.37052332297518
31.72365538432451
25.06901701475893
19.91275187132752
36.95744116675107
32.834114973488255
28.663802872330464
24.277262078628482
19.47985842198528
44.31681636756599
39.671495325591486
34.376800995858694
30.508252723175538
26.044169469030468
46.54602481001376
38.83803586917296
30.17882910900675
26.22112955418487
22.884882437947308
39.2206207855743
32.5849465516269
26.552999519757527
21.66764204440362
18.073765014324145
42.029572330729636
38.48232219508135
34.92880943639879
31.556260839011365
28.219322461781395
49.27315833910191
45.67098958008358
41.94938460613944
38.377661052381754
34.881231716335435
34.95724917294848
31.659584343610348
28.24982074390761
25.173281347397285
21.937973418490873
55.288898810236816
51.11515968861308
46.10089356506262
41.07211340009674
36.31153239311984
49.54927085795424
45.94354273316337
39.866800127309766
33.869420087152164
27.81794207913613
42.048586156986104
36.59754507567678
33.76381104928393
30.34681191587261
26.995732819016464
36.785760392746894
33.881872447323865
29.269684428124915
24.82386909673614
21.731296969684703
43.14258868578737
36.682390531250945
31.00966623859215
26.69350230460296
23.553763451788
40.72817301389347
37.064212587871765
32.576926473385484
28.072341653778047
22.9510143466031
50.897938913038836
45.299187128246416
36.110016707666865
28.219632038516323
24.163618710173672
38.42567349054213
32.45093971333693
25.99518525501589
21.638389962090727
19.60854726883738
36.05891284050857
32.73469383656494
28.34508252351554
21.549868774001272
19.926777791842653
32.10540571199841
28.703668388820436
28.130350930210234
21.50434419063859
23.996048544468902
32.47026951053762
33.495605220072285
29.445222151764693
27.173643023818762
25.45032693732348
26.008346092382304
24.170191428053105
23.09425540052599
22.12036132320054
26.393061054879425
29.757639862014894
25.36583590228509
19.30215441599189
15.866723237838853
13.298594480440219
33.44856010264822
28.173998095211186
25.36970769308187
21.761900602637706
19.26423518336393
100.0
100.0
100.0
66.5214907535332
51.11401488392711
41.1969432477551
37.67507758880268
34.35486019488557
31.03064596404099
27.712881358777736
45.87785248521846
39.25191349824526
31.768744725035308
24.85516553973877
19.528123891694406
37.16488548840569
33.31844668996599
29.756804076681295
26.81687709106111
19.61184370875545
42.66285220125562
38.8133963723523
33.989373803839015
28.49937309250552
22.680185990017105
49.729225424549526
32.04529945777995
24.398364471354526
21.905058847390624
18.676629759556718
37.944324310461475
31.479680069366122
26.00184357522803
21.809408641164975
18.438264410482155
42.90474796855679
39.31658958702231
35.65103464774855
32.25331921002524
28.752705711558527
50.13264635555744
46.49889881474329
42.87134855307318
39.01137002172967
35.14641051899445
35.354638405239264
32.048046412585116
28.661395040918173
25.61293708907958
22.46647518726512
55.68173534316041
51.54287730743337
45.93155056709471
40.40058324569393
35.33374132026883
50.669836493169356
46.98561860855702
40.3108788561941
33.19100437638494
26.034651264173235
40.89331569095923
36.67183952714715
33.099907283190355
29.704672260589355
25.931513622079827
39.46305103071422
33.840283212894796
27.873372778670927
23.82236920920237
21.359074063240104
44.85722494722188
37.79967495869242
30.977898179324292
25.357598352416055
21.288644414350124
41.28764922986372
37.65760998632673
32.47750996524428
26.029533008736976
18.81812986934285
51.1574830541338
45.60738384665049
36.50213529922812
27.898598266926772
22.900866973725268
40.38753504131758
33.86640583832083
26.498326753159624
21.40146895137807
17.975705761562995
35.837327657239804
31.23478755259079
25.440766722141703
20.286764922002718
17.33876427619307
36.248828779730154
34.9848831457658
25.112381541474242
19.945393243620963
19.569161796859667
32.15239359014065
29.80126945877284
25.69195915086077
24.88790459806786
21.69880677187061
23.690550962738453
22.601632401647734
22.017535092452114
21.452344333311547
25.95608678106977
29.78251213964529
25.327259482893304
19.81122065499673
15.789728732892819
14.370836904368181
31.43518194678114
25.699297005203675
23.25306466080873
19.606799375402545
17.094568308916653
100.0
100.0
77.8697984437221
63.044619988600786
61.56466764755841
42.75713058757596
38.97719015172177
35.44048713751296
31.729435339094504
28.53371003666468
46.479624425422514
39.83174951721701
32.85387445642276
25.82458925771595
19.95217938300992
37.29524000394971
33.084610158438046
28.990769341245944
25.121190008828744
20.48298980468661
41.95590382729637
37.59930988110012
31.46490812168951
27.34725233121104
21.344356380706024
50.24406093646068
42.73180354082431
29.375296396879985
24.134631634805924
19.537157415189693
38.61064585701592
33.45347472029677
26.8875616582153
21.446330883063887
17.722266210699466
44.34442474148267
40.416861088478264
36.354239493896614
32.84074160601942
29.07502786483405
51.91132422918451
48.05136265209371
44.1242510843626
40.082273121245066
36.055754824870256
36.09071013225122
32.522617864637105
28.90997754042853
25.593296936330155
22.438742852083287
51.75201993921632
48.18939434931938
44.005389955302746
39.254559486431646
34.427693809968886
52.24605947186482
48.467794681548256
41.83730383444481
34.92698143159142
27.525814530409036
41.6614860268714
34.993352214509954
31.856529283251124
28.47704539592408
24.78614157323158
40.82122557643986
35.251649676321186
30.055349246446752
27.297131787200737
22.806542286839083
45.6619202497923
37.003715173765094
29.21430692138538
23.11149189259947
19.035311118295013
40.992502536268546
36.571966982801534
30.40533838976018
24.425835951175273
18.361629048228377
51.774956628818614
45.78118817947343
36.170726441852196
26.517556784362025
21.8310283197825
45.607762926581586
39.19620903911052
32.27936582118585
24.398237135179937
18.849767148478445
33.87192233575712
26.425443292188724
28.215026182957278
25.02838464411721
16.053175129728515
31.402149699892057
30.274660847616737
30.680081480728813
23.09550364574578
20.12790576390696
32.30186662152674
28.336179918728234
23.481194036242677
21.806429412592607
19.419979213568777
21.306010225773882
21.358564398920862
21.700287676207406
21.332814823902506
22.532848277749334
29.77844070174531
25.40893696143481
19.42152461042803
15.875621386526541
13.745836385761592
34.00717979872287
29.336945531391066
25.330671661537465
22.61494514018829
18.986208127546313
100.0
100.0
100.0
100.0
100.0
43.88251081059942
39.67963847472384
35.70816157762574
31.922856915572883
28.14634439189256
50.907454776698806
45.172503778900875
38.67989953977893
31.27907343461886
23.896466872091253
39.72591338066428
34.82509525459142
30.22664262063977
25.737499463097798
20.97798636687225
46.2607658455602
40.096930061837284
33.18248215962645
27.297986397594677
23.93118882700271
49.243831053007774
41.88754209679288
37.914671703082576
32.38211678893514
25.2917253749388
43.58539845822346
37.48740126452038
31.0265456410426
24.601146525923486
18.559604635244202
43.82939240037648
40.14460995811937
36.37454986902964
32.82479326487008
29.226479966489283
51.101034194553286
47.5238062332037
43.810514005096636
40.031429706702504
36.28037893704801
36.12322126809255
32.60352940318167
29.101997023923705
25.779605850792766
22.53683132256559
58.12893597613279
52.643983338389965
46.97118792352895
42.17968381900167
34.84665696101888
51.53521407213313
47.853498551084606
41.60000314086888
35.18047589027881
28.25763292321494
42.85138351261408
39.217990737880136
35.35681178836076
31.857539458685473
27.705093724595415
40.137509136800524
35.4654381202304
31.277369937184147
26.52341787544044
22.820167237090104
39.188008452225446
31.82776635990035
25.199181837674676
19.883486020722437
16.25093710097593
41.90396412490462
38.06289205111867
33.04277636988109
27.536021255361703
20.43374163099398
52.23646550770235
46.370400310390245
37.19504623900261
27.968168179267
22.713081456625254
41.9781584804905
36.504186663220565
31.322986065183336
24.95593338033924
19.136628992059812
35.88879796169386
30.566776522128
29.464753263060576
19.260850147194542
21.83067564610747
37.31213914887799
32.22973288266442
28.341783860815575
24.098668223349023
18.23880782649386
32.633026601807785
28.902476955281227
24.784784094412178
22.651830693504266
20.624532864831338
21.39472102454445
21.621653769165803
21.851111080492856
21.566856088498913
23.126130637000024
29.759549056691892
25.41400921362737
19.322073233428018
16.001895940972673
13.379721498438
31.327465863792952
25.76943930483783
22.822918618816782
19.504286147640936
16.538030685474734
100.0
100.0
100.0
100.0
100.0
43.59535821401809
39.83327572817678
36.060438955047786
32.26304779233574
28.542806125649648
49.358452589609634
43.05466347084949
36.1729492601467
28.878423781670065
22.552984872796877
39.27905557273769
34.89292063161608
30.49653248747176
26.670117026017476
21.981540096012967
44.77258759051697
39.01406537616605
34.88580991190795
29.879739054640986
22.306471627854766
46.68952276895969
39.027579379389785
35.057929765207504
32.23942326253632
26.827681141427675
41.47169765376596
35.41169029063806
29.480788445459222
24.077440143123646
19.407814010591945
40.185462907136476
36.94569995453793
33.794037375063446
30.475255917606972
27.280816894442626
43.343021415156564
40.20387438427346
36.88529051225392
33.561304629481484
30.231302754791432
35.93775440603107
32.627954373890724
29.358785833317413
26.251160702223395
23.205169536519094
50.70205859544714
46.71374621675391
42.09365532786776
37.182744756989095
32.35284563024734
41.91408307015706
38.8220274348243
33.56645129673134
28.10747790379425
22.289725437371853
37.68244558838604
32.11342412396287
28.71342996710058
25.16575737022002
21.809436858850255
31.3155152186838
27.82542819426828
31.14142551896626
27.703904634584152
19.44008028150595
38.52500665632478
32.69607322034157
27.131472218129723
22.388515811009174
18.58035275792406
38.7258547502592
35.22419806113503
29.78371579465942
23.216156325071946
16.131999526234978
50.61548675715527
46.65643389549429
38.805247279477
30.079287384868707
25.093802359261517
40.901327575492125
35.33457432703444
28.123730014700037
22.49457313170163
18.263254481992927
34.276929415376586
51.81016262166197
28.235587102986557
21.568261366678406
17.75642206646679
41.47322368669056
29.986503281922182
32.16316705730356
21.929111741519325
17.319073572417153
32.113099915904876
28.863257777235955
24.513228805646957
23.010831470156653
20.77435983818169
19.560982241269237
19.614299252929854
19.96795740214395
20.067803817078303
20.58408999425587
29.756264152774236
28.03947740502092
19.379066798427075
18.738271841679815
13.539517563828998
26.847029964879887
23.89203120073833
18.648458163007597
18.526126065520565
12.568556136939984
100.0
100.0
100.0
100.0
100.0
36.96922604526004
33.76500771929253
30.5525840893146
27.30757746553167
23.985026899286805
46.14814231241403
40.60712842244381
34.252899218037584
27.262401493675252
20.990365604336397
35.50419102771946
31.24006436338547
27.163145471794984
23.057768414399213
19.29222683548833
40.852598650615874
38.39049566970326
34.045368191960925
31.471645007791622
25.60128439120114
48.20463927864641
41.104124456702365
33.78531253846363
28.088768400456452
21.68346590982567
41.434841816041185
35.2984914117637
28.348435007511835
22.47296871183112
18.308371415180517
42.8709769810622
39.34068620820191
35.81527495822822
32.30661158491494
28.927901190187562
49.34181327865434
46.11077746554146
42.49571631375201
39.073723499605684
35.44795678694647
35.70748683994056
32.2965948500931
28.964916410238377
25.58494113650848
22.232193119560062
55.64313952442025
52.04044506784284
47.62719745555701
42.39988034958053
37.268894725867895
49.12240814591465
45.80116531430183
40.11828049153899
34.237441859931785
27.889528812956588
42.370104425727895
38.951421040863316
35.73173007040299
31.71834128031758
28.125155118646813
39.52662822168182
34.0932799413745
32.04734316394288
27.08125524883029
24.6631378685753
41.93674873954257
34.558819968604524
27.864164259078805
22.612146194993578
18.86085505942816
42.40036096602864
38.43224170361315
32.33387876933927
25.75021471942792
19.749825518968308
50.3563974802313
45.801470638934376
37.880681531859295
27.734352367706805
22.34371917294706
44.727616245567525
38.82996196893241
32.20633859767822
24.501936240365172
18.8744667286015
28.275482667125992
32.95270445850694
28.121373501541818
24.95279459752537
15.831161135725866
37.12546590380054
29.149600438098563
26.501638062992853
20.9276878842924
20.937694406839643
32.664452565736106
28.38924248490236
23.74188339067159
21.317952789263718
19.12875590633472
21.82363265668046
21.572689090355222
21.66074286920061
21.280985654294632
23.580446782704215
29.770896646206783
25.45475691095522
19.31694397235765
15.933265382572085
13.388371416329111
32.8870364633869
28.152824002443467
24.49833205638995
21.39341826699743
18.201379862857262
100.0
100.0
100.0
100.0
61.60921269828214
41.54021249925701
38.12943747781537
34.815222318937515
31.385813390494214
28.09831934749575
48.6567110167855
44.316703906877564
39.077935495125864
32.114318525965736
24.317245001362814
39.867233217335595
35.64836627282584
31.195015927365155
26.964769185355884
22.57500660777414
43.21277365650821
39.06297083815973
34.921606552659846
31.008843756170414
27.428449366240194
50.081812575449966
42.7599135915769
36.28833948499548
31.760310674978783
22.170900108101293
44.07131390106205
38.02472391972508
30.93702056243513
24.178261950247744
18.767193448982145
43.11451636013046
39.31832569488935
35.601354493656146
32.00603297560972
28.62098481520721
50.39977741784598
46.56960657188327
42.79908276538851
38.925533218569186
35.33571532602194
35.485363478879435
32.02338393154178
28.65280428461167
25.360937302044757
22.19780290630649
54.054119023547514
50.2904846116008
45.53738614685293
40.61446197431232
35.727585626449155
50.741206000336526
47.00415304754058
40.63753939231964
34.30885967021304
27.88739479356665
41.743371706920485
36.5918672071594
33.262345360334756
29.936320047274883
26.436544233363858
39.92259416459701
34.657044469692224
31.505195584369723
27.386799449835216
24.08511882357057
41.803047055638196
35.11705832195587
28.915870666404473
23.886768903845503
20.302442146417672
40.56174368133138
36.35470370684327
31.17462704962959
26.539911342465746
20.979036832404265
50.346691966860526
45.27742738819705
35.993959005345204
27.31420830706223
23.27375905753459
43.224530665534616
36.590561106061784
29.759485525932625
23.388263120871457
18.71500653423659
55.67540831460977
30.967363122020505
28.616429700561167
25.03930847049181
17.566786335618012
37.48276196113585
31.465002618325485
27.583823064169074
23.06382311225355
20.85094341154206
32.271660962430545
30.4610277310301
26.295005272115993
23.562916798501487
21.698403201982124
23.202139285295726
22.979247774108277
22.557463393039043
23.00032349275139
25.142438755362093
29.759403963252687
25.50383850521344
19.30858567147791
15.990375797550216
13.316924369761677
32.269733705012186
27.603435345040822
24.01648829846739
20.87081562355
17.840329607518985
100.0
100.0
100.0
100.0
100.0
42.022792720085135
38.35037631204522
34.864458378299034
31.31223767994209
27.901348216249062
49.78886311798565
44.17341439608826
36.79014601050897
29.128742009480217
22.256364592582727
38.87599068930983
34.31680547465495
30.12856636112648
26.32951436554466
22.30258749908936
44.03433691096046
39.56224918476915
35.289421536975546
30.462646912405226
25.887322794479196
47.91497817832799
40.811872151184915
33.637165365704355
27.656463032345975
20.952121067293046
41.914937388620324
35.63622980340214
29.137742204603118
23.209708071779062
18.58684178224291
41.686374832321185
38.23605652100581
34.8190936678503
31.609810493775615
28.275237342002008
48.31147760349716
44.906806165631025
41.403001730858115
37.948734595803934
34.525616098682264
34.842434238214864
31.629871162916025
28.399260246595404
25.203326722787715
22.099022005688266
53.64407787689246
48.52175387843992
42.864260417934084
37.39793815382961
32.72697804821138
48.740160982283086
45.25328825689903
39.44401635602737
33.63577472781177
27.517884185016953
40.964238423262145
37.53278184974902
34.19979583836793
30.70821295403446
27.158798151574945
37.10560214950595
32.60809862310614
28.569527250876337
25.152748441389686
21.831118192323924
43.39151145705485
37.00759913730249
30.74448469769655
25.33775727582453
21.445466504082823
42.35273848929425
39.20899045700516
34.68488089837117
29.462005651962283
21.896213444824998
49.67829235662653
44.88230055365767
37.28603592617775
29.311913437426753
24.342607033885745
38.50853048761996
32.06291481514852
26.97537999979273
22.736883109296638
19.17052810570563
39.07442977677993
47.13684384052048
24.947871389018218
21.138071013273517
18.208351032479435
36.39509688624635
30.937883550568653
26.835902900241393
20.379931490301118
19.7768871821336
32.97008835440111
31.670858959225136
28.754767534958454
25.74287638780648
23.65005822691832
21.177117575443013
20.979943737514027
20.839385877652163
20.64641318473994
22.27445979210032
29.790959795936622
25.45032669571335
19.341827075369128
16.006399508515155
13.359900843431987
31.549889683494754
26.423667506942728
23.388695915271693
20.131072426196702
17.258354704667322
100.0
100.0
100.0
100.0
100.0
40.93077847560964
37.39587678459241
34.004141411253784
30.576470346300468
27.182131039708892
41.929218158314484
35.649471987352655
29.718529490473134
24.759467548932914
20.263974391269286
37.06814040034251
33.69595555197847
30.270292235523666
26.86244958851998
21.74894393702957
44.12997966339723
39.68921371416859
35.00316719177769
31.50119066727212
27.095137259527668
46.01372589872382
38.05265065818311
30.030506135129933
26.062195164309298
22.202142779698136
38.54869149374618
32.552717797772004
26.538825286737392
21.75575162338717
18.97399732609205
43.69470820573325
39.87043639302647
36.01970287583556
32.38489982932538
28.785439501959573
51.1775974354558
47.36274231999859
43.316418249163256
39.55949701843548
35.78248739183921
35.75442007387781
32.25684109465483
28.746686832416945
25.529837749932405
22.26960033403418
49.085623582977775
45.40241976842816
41.34312173955734
37.19037255292706
33.21949902649168
51.333223163757104
47.66208417731566
41.30676322511184
34.92096655176467
28.415607977975384
42.8415526615595
37.14463054246232
33.976515943652615
30.42372392861276
26.78763576589843
39.26559892273413
34.523394670965416
30.0715060770081
26.01878963033024
21.482394907861742
43.47425767521987
35.8345684859549
29.04601111892525
23.747114663087714
20.02793566348285
41.72632974473978
37.469441505327254
31.6509141420358
26.09147383638041
20.47129467496163
49.66648759519485
44.93085090006766
36.009720600626096
27.115673707793704
22.362444607881496
42.90715264138549
36.69907168158486
30.338754763342514
23.53715837157761
18.59628185276991
34.09689135907822
31.007292435281194
28.970495451680737
25.20251353016372
16.981399601695845
30.619675128237475
26.643851524023678
24.308453721023895
21.3316339199785
18.805431869539795
32.2296292940069
29.30047933561578
24.98765885903083
22.817257247622614
20.778142593588345
25.981042518271092
24.051160602295486
22.997426550509147
22.07555644294721
26.525050741866355
29.77114103081925
25.414929119518355
19.30773036706124
15.879659113991224
13.29717347513271
34.41871266074922
29.762374519484688
26.02745052153294
22.4697364635326
19.71663355011026
100.0
100.0
100.0
76.9844068220054
61.19286569901468
42.79070743068537
39.068781838009215
35.28153596022783
31.64464104515885
28.05929248633824
49.17380533610586
43.10110074542006
36.60279300972996
29.226536209692874
22.516701134715788
38.637247911336885
34.215693508829716
29.957190730937377
26.26851632108486
22.392855047690304
46.02293403704968
40.516177588717525
33.83834147130408
27.421947531682758
22.659444793703962
50.40413914785992
42.608527042284756
36.150198889280446
31.47578030933392
21.201446327353132
42.625364937582326
35.993988488890224
30.07715570035133
23.334743827739786
18.29774558854198
42.728235483841424
39.59648780545528
36.2135448720914
32.85549651694825
29.433989055047995
46.96714657988914
44.114576430185515
40.93321728446047
37.74937996258571
34.26530051677592
36.64865519376314
33.40319929841927
30.013677197132807
26.761556183246313
23.44959898463726
46.33366396929651
42.401468352853946
38.3223740040402
34.001190604465485
29.703018442875305
46.89121782257162
43.91367492726201
38.52649431885072
32.59908522507083
26.085789572051002
41.235437993992775
38.14345302097903
34.66752330010272
30.77431349521827
26.75581151290054
34.313124920060766
31.34414584785592
28.640054171098118
25.153480741942445
21.93215647658709
30.972254378685385
23.868575348145118
18.566375388277358
15.05828166880387
12.866167528537433
44.60156236725841
40.689791501607225
34.46504725117074
26.172478091357327
17.96959685555134
36.10414649537277
35.3478400879876
31.89100287934484
27.32499499204192
21.866476166034317
45.79361300018622
44.22375025259136
39.29251686080138
36.40383948652145
29.33631581023623
36.68005534542815
31.108819181926872
27.995879748114042
24.708537433984446
22.31740399582017
34.5372672088677
41.074356937282424
27.928629432744707
31.66726954030995
24.082734305415094
31.99669204338059
23.81263156608611
22.847853553846416
21.76273345823843
20.110575491975364
18.85260551691763
19.275514623054907
19.141843825311923
19.78820159272178
22.533538513948933
30.821861411369703
25.84337820139674
20.45893371406651
16.404424180433562
14.571993932645423
30.507938760295655
27.648398539397753
21.570981924176024
21.657395016685136
15.109103796228682
100.0
100.0
100.0
100.0
100.0
42.11631550938794
38.90568466498501
35.61068545138014
32.106427611716754
28.570317188140585
47.16389709041869
43.31152016321723
39.971658866295215
37.09066975352379
33.031745600260805
40.32752324206018
36.540307272102325
37.42571970414054
28.145082874168573
24.061600083288937
43.788618272963504
40.21711283124282
34.86170682553358
31.674421936027606
27.10697893783301
55.81522825868315
48.35480155887833
42.504573019857155
38.77216418906344
35.8323409684995
47.03329975817431
43.09268635461856
36.937057688879015
29.69456569655762
23.45831675890463