33.07421268229845
30.07379483937222
26.998102530760526
24.01624378190574
21.015690198476705
33.22942787251367
30.23200940270337
27.204035533445776
24.247859553298564
21.23075637882602
33.09194535488905
30.05138851778674
26.98661730119553
24.00426031447559
21.021987953657643
33.00113866077502
29.92004077539304
26.84701180126092
24.087414958137497
20.954479164248244
32.99786231751667
29.997619610303662
25.008996702250485
20.019204139441978
15.016675357129916
33.338653286476934
29.984699984470616
26.92870978961929
24.043193992971986
20.99132734589319
33.28901051997326
30.266282323382455
27.128021216824067
24.069732495597208
21.12966291430718
34.012577941134545
29.18568023358574
25.336893337258406
22.819485587026335
21.08327703789145
32.70266951361768
30.141159959681907
26.941395629011325
24.04905382827268
21.04529972702727
33.125243074137465
30.263595208090642
27.05715120427266
23.925391268418718
20.9000753236859
33.01572772146982
30.09013488488303
27.17821218227295
24.03128689746662
21.062763792736025
32.67517968122722
31.082440062927997
27.185251550763848
23.929468224304095
21.312367917832653
33.86894158084283
29.498003905168986
27.070555997509175
24.317910586863892
20.78167010334166
32.908917050201204
29.75467438808526
27.086099662432623
25.357707404058164
23.564365695084536
26.903508906451155
25.930409326944087
25.394673167290073
24.731115920496286
24.336971945080883
32.57095203763692
28.130803608679095
22.130327098523345
18.588390737082054
16.270943119350708
35.94776136995306
30.00549998646738
27.977610007306467
23.508125421249055
21.96090075679806
33.05139245415728
30.170614325054995
27.005993251480184
23.98401303207086
20.99254358579078
33.01732526795733
30.013850414684015
27.01377849067525
23.976571610983616
21.0040960208452
33.05250439228213
29.98311119173281
27.04679510683821
23.961858353100332
20.94956224820323
33.0260736521701
29.96406942752185
26.987792007565208
23.99055065922509
21.00834821390018
32.96536254422145
30.12300779787857
26.678719472892954
24.830889783253927
20.81391090479749
32.93388826472342
27.758871743621825
24.851721629742745
22.90439786508525
20.616750838727512
32.987025291109184
30.000499124215658
27.001000728638346
24.013175400082517
20.9283163211156
33.07897387820439
30.090715400951986
27.07292637641244
24.15015550521324
21.278266430840276
33.286000298176845
30.30483655482929
27.33897887635373
24.537813091189044
21.705640787973884
33.086227913704974
30.116867034285065
27.080686767664982
24.14389759745611
21.30586735513221
33.17441729165923
30.138688020410946
27.129656543198738
24.078670094845442
20.99741869314532
33.01650192742756
30.02955891289913
25.12596138462143
20.35212608251576
15.646087770663117
31.453145485132495
28.45090419351125
25.3551140662778
22.33264063541675
19.411160638531626
33.212275634423484
31.33697249121557
26.729253518533778
24.03123209218296
21.210528197408024
39.73078349985021
34.9266227398333
31.05482350181336
28.295655456504733
26.023681185119383
35.11252935557491
33.22217721899626
30.805849609789906
27.79010971757533
21.844617120002017
35.22655603927509
33.173049628172684
30.342049381538946
27.00869421792688
25.120903782405595
32.99931460076252
30.08505564533158
27.14358029859485
24.139001049195908
21.336267788178795
34.34963137840188
30.518662509685626
26.7080804781312
23.991780834372193
20.382937486039356
32.852987188430326
30.256363089397638
27.478250433685307
23.753178371733338
21.22043408156503
32.99507836352946
33.86819153532859
31.091728425674372
29.979165472795906
28.02184168013378
27.32580891659255
25.92439948448732
25.17057341043166
24.261592266177907
24.700368206396565
32.58809734083443
28.136815853273337
22.226017738353917
18.602359637369148
16.93692701807522
33.48198889289221
27.731476162750983
25.542689578142173
21.035001710374353
19.52392257731277
33.015563328186516
30.23835175562962
27.005296566462633
23.985847795839874
21.020217481232418
33.01498743390678
30.004068249393896
27.02310422813586
23.981531736159223
20.984088920874576
33.014808559456036
29.999231382083437
26.94494749365898
23.971825270381014
21.041436671994166
32.965855230068584
29.983686713639916
27.006613542936194
23.988509623443207
21.009087716764007
32.94273668323925
30.06046678929752
26.805632198283355
24.49913922002279
20.54033551918686
32.93776586009566
28.016275552776307
25.01508363845099
22.822657325342814
21.18546344593078
32.98206024673989
30.002085002199053
27.03389910103874
24.200142429809578
21.141291432022786
33.12890044365667
30.16258368116987
27.11420375030768
24.15410267891626
21.184446216794303
33.33336175464328
30.375680898372345
27.371514586770655
24.457289082990027
21.508449685307344
33.117824040620775
30.172521947639552
27.113666296199057
24.153736726064356
21.215387975581713
33.14102216660627
29.947597775607797
27.12892857065679
24.122294155302562
21.10696321214931
33.05984304828189
30.079026852867386
25.139563580696272
20.21726707080129
15.317473783088008
32.38994275718047
29.15954474519728
26.073014781007714
23.048380607615112
20.056810624992274
33.316957469326475
30.28490122800266
27.025173412714153
24.30252443028401
21.10277897812417
40.5462881242886
35.769231564867745
31.84006283177023
28.908600126995182
26.41692688289954
37.95430627991489
35.77857753773202
32.679687236310855
28.88337270688954
22.966543312986666
36.822814378476416
34.635948511875085
31.383994780653985
27.20981078457635
23.459236144325736
33.000244949621525
30.083794382197727
27.079334250658555
24.086904699377754
21.113633882191785
32.80265794160683
30.631506924656332
27.174672607885775
24.28892577702696
20.556925976417823
33.085902048929384
30.02214477095678
27.141815588014765
24.10398422815891
20.569810513477
32.94166319375483
33.48895612028195
30.786202653169624
29.59668338730569
28.21985601475118
26.80933453572589
25.770434030745214
25.346345466067376
24.55761316531131
25.110602934986538
32.61367446743736
28.188567440668063
22.313254602859757
18.668833270975934
16.56130400269718
34.01297161635059
29.315875774198467
26.037626682162426
23.287194770982552
20.0212291990653
33.02041770434414
30.001686694261274
26.994870507110384
24.020744048724296
21.00499601208876
32.99700811396559
29.982090172088544
27.01029113173962
24.018455941271455
21.00207588321946
32.98007932569282
30.073123416738134
27.053956892499066
24.00213422696604
21.00808764452787
33.063070221993755
29.992087609132724
26.996251234364056
23.971103922499463
21.018280749895
33.09141323591803
30.007999232071832
27.037181604893906
23.957023907236206
21.456032591996266
32.97205242081246
28.333905014716088
25.054779443427478
22.959365002412035
21.016908601592306
32.99452481051902
30.098174550342126
27.005354013177055
23.914766543339194
21.00867509031972
33.06484397718038
30.073395658618832
27.006505323716606
24.049287849984342
21.079565182946464
33.25339797671283
30.28150865709073
27.21255366415246
24.263485140548035
21.30523180574624
33.06908388438516
30.084284804235473
27.01679558834204
24.063256028390736
21.08152794783363
33.091897816890906
30.04528289990369
27.21233190300572
24.043186581230806
20.85768653912313
33.00501640085903
30.00696089006623
25.033580342851014
20.09849907845372
15.17466025425301
32.87496732012119
29.316106098625447
26.529320312832787
23.492152362384502
20.469975813090624
33.423676723737614
30.307467153460706
27.29994995328919
23.580763471239873
20.696932572528684
41.976100004938246
37.193997136205546
33.23398756268621
30.135599898350435
27.39127311591687
36.50913915248026
34.82902842762235
32.667560060001605
29.761632042568916
24.036208985083825
37.05161705727103
35.01466816849288
31.955148786624697
28.234626527676433
22.87169694811005
33.010997496286755
30.065998455101234
27.115683505538115
23.961162169193454
20.996593414443886
33.09970147428545
29.733569852505685
27.202538809611703
24.02317350697691
21.532944366652767
33.05707700808498
30.087729362504927
27.07224224190098
24.208929630434596
20.88513342758192
32.983934697844745
36.68841808959642
33.07909536215174
31.78664244783584
29.81362241281053
29.482756469433756
27.349219758357
26.318655733114475
25.273332736264493
25.27021261016674
32.57893741552974
28.13467325263247
22.152711247796717
18.594191929562903
16.426437991143995
35.65620186780373
29.863271098137346
27.71318879792206
23.211222721027163
21.695983885199055
33.060081286299344
29.98257736238945
26.99818682827853
23.994582771600832
20.98719620266173
33.012054958796895
30.01122303128414
26.999190582328588
24.01580758858651
20.98569146658809
33.09213066574269
29.99416365863034
27.053636498815962
24.0486407898661
20.946468333714904
33.00537176786535
29.98447702429334
26.92130220089431
23.99487532645111
21.093251716965206
32.976690730414894
30.026480405453952
27.07470384083323
23.871965290639537
20.033503803540697
32.15182929619439
27.95158579335897
24.97040178099475
23.156297352728828
20.81963937719333
33.01289762449791
30.116262193156565
27.086805958229174
23.973298630010696
20.930100775879268
33.125606323624496
30.140201913313277
27.129244394372215
24.20772294779143
21.285307839557337
33.31031347335624
30.34205991777341
27.31046105923445
24.397707754684976
21.51531878327895
33.10588950323839
30.13842170842301
27.150838747855982
24.19673182280905
21.287908870158432
32.98097879390503
30.074275379125233
26.976158045463325
24.015555410668302
21.057988774631845
33.05193455416627
30.076973239990416
25.169697480635488
20.338047816665444
15.556922332906089
31.97880947461656
28.508297651123126
25.524747795069175
22.539233313311342
19.54442797827542
33.34768087166712
30.219257017002555
27.09474155578183
23.771061426827256
21.017484832469666
33.230195151644175
28.442474251486512
24.332006873316892
21.28224111374655
18.987819515807377
33.794707172220654
31.317568330845642
27.620598972346485
23.17850968500543
18.688433039822414
32.733775384199944
29.824289720665153
26.166378934532712
22.50782140531234
20.009049339723617
32.994883607727495
30.014763261856103
27.088989312143624
24.079267939161628
21.03067083703301
32.15968506211811
30.31020345117679
27.119877261664655
24.204189458039732
20.129808184422572
32.99379354270547
30.843507544563536
26.907221059756942
24.230631140143394
20.823881545296516
32.783109964771796
27.501028098660186
24.20709761123717
22.282310321732975
20.228996451650932
23.556236961539426
23.46519647267458
23.523438895862387
23.48975729967502
23.774640393930166
32.60149169198725
28.18098632504945
22.336951502545034
18.664131517845085
16.836836394341727
33.22021040218363
28.187540681784707
25.26316844895397
22.153338072036032
19.232871191766684
32.99909706614387
29.9846169372369
26.99609859236073
23.991605645554873
20.98530125969507
32.97673882174195
30.00724512200508
27.010498374876335
23.98493522072989
21.013472883490387
32.95263777148304
29.96444722871937
27.01803142874256
23.98948264977596
21.030326567437278
33.01405550853967
29.957978159759328
26.93440603112345
24.03160944042981
20.914087729906218
33.03426488226763
29.984005189840587
26.917237941466844
24.051790210877385
21.25347818557399
32.90661870299197
27.990404753082316
25.13437884060641
22.983593640121306
21.214789374368106
32.9655053232215
30.05238367096333
27.05267419578081
24.005677591577125
21.045760666383728
33.202772252334455
30.208344618590765
27.152025523377837
24.183486244299345
21.180164231059532
33.3416237332148
30.35152749190543
27.287642516933186
24.302853609817937
21.32989042715782
33.21928851827353
30.194966638538318
27.158251312166936
24.19228434120845
21.203402468446512
33.00499513857375
30.104887573341365
27.042010766113794
23.883269195711485
21.214693409919217
33.1278639421414
30.136506800607876
25.166684800080553
20.196556272835974
15.260269990394203
32.668190052693035
29.247064993197217
26.116139639131006
23.207480131216474
20.194775667130827
33.10262735844044
29.969372544019958
27.348767542859918
24.346686242525585
21.326300901773685
33.910764884271344
29.05858661886088
25.231846212672323
22.75104651664901
20.977522769884757
33.46507571429537
30.964816075708814
27.49497439050891
24.0935087698682
20.381842263840223
33.70324809598511
30.781565854881677
27.373195504080602
23.930788962491842
21.174980128048603
33.03234810051866
30.079542570257477
27.1117465697291
24.040197463483807
21.05427008249622
33.43510436418055
29.368082187038024
26.87659162523691
24.40928703634817
21.04588950535536
33.872735185480884
30.66272110489684
27.337673349697525
23.973615537739704
20.882379285398358
32.9426811629462
28.98208846093722
25.797358778422765
24.40835228864087
22.838957779442207
25.47404789657502
24.755601202992
24.52917352873172
23.90646171755718
23.758015625876943
32.57036484864856
28.395914728466693
22.124515200242744
18.982818985580337
16.163945088844443
32.52965229071496
28.129138611060327
24.515119752671307
21.941351196855393
18.496026651903346
33.03307131929973
29.997390553853073
27.013871006782423
24.02292581915392
21.024785015440383
33.019772622082534
30.013527016297385
27.022834196320563
23.981243703830803
20.99278110792215
32.91282643617499
29.99936418551615
26.997413406025004
24.047765970828575
20.95322600966317
33.01891682162514
29.993923137442483
26.970916229270614
24.033959787909865
20.958980756972707
32.983492624469186
29.930833835851644
26.7878502049245
24.224830949276672
21.929831361686468
32.97910179544274
27.777223053473715
25.13575807921558
23.195155211263987
20.918952982897473
32.98498153776089
30.05577777614554
27.020913934565066
24.040691295956208
21.00692067293881
33.07992605368198
30.074713808610383
27.02471683814338
24.055129531843065
21.060678268529763
33.269073576178975
30.272361967372078
27.24193630574391
24.289762618619196
21.301590072724665
33.080631000507864
30.07015324286428
27.038399270509508
24.04686772250605
21.074081203071778
32.95737261278256
29.866571805889794
26.92842529917465
23.836332730615275
20.986416150385075
33.00720018470115
30.01305235606238
25.040875274191418
20.070902553650146
15.116591459921523
32.78173357061766
29.71066931106207
26.70411929547065
23.61127727562112
20.682331188332725
33.397438224991106
30.319248921931504
27.069578981535166
23.712275605875032
21.45550483647702
39.24830815323894
34.37255842169476
30.049015005784273
26.233363663631692
22.65627960560035
37.03707416673153
34.79445690134336
31.449638725560835
27.58711783940063
22.660574128065157
36.219759853547394
33.80698299327617
30.386221060668195
26.116351103430997
22.856100068124615
33.01886485720606
29.964920649680767
27.088792654700967
24.037702201762126
20.93187823162687
32.871877328995495
30.710616140196922
27.02045723735091
23.749538209666248
21.002627611957084
34.410478427339385
29.930608497673745
27.13268503970028
24.048404070609358
21.239154633026015
32.93506466824117
31.84405524046937
28.56269904558273
26.53754558411563
25.051371657178198
27.00644143926667
25.83660944436929
25.163724219901088
24.615793774715957
24.57174169235794
32.57728476305672
28.138052903905635
22.18018679520112
18.604929925948774
16.354934585372135
35.08064098887907
29.45920042692589
27.141469591771084
23.143469491756697
21.122891164889076
33.25612587941191
30.03038806218052
26.99850366770066
24.007174989856722
21.012772709206274
32.989469599089446
30.011642424763735
26.979928665200163
23.987342313569147
21.00009124067708
33.02600978289279
30.060689091956498
26.99166139173056
24.085226837153986
20.979253502532167
32.91571768702611
30.033373603528442
26.967886265529522
24.004471121215587
20.925387222486144
33.06478733238281
30.037666098273576
26.998973551635913
24.161237284428722
20.952546916152542
32.96167455564437
27.903833727379627
24.826839634529453
23.287624810450573
21.160957806922976
33.001728091044406
29.99122742983987
26.98324410710045
24.015528406746753
20.95490521140556
33.166186307561176
30.17232942751619
27.13529578249836
24.167149938487547
21.207547510838076
33.35054189472257
30.35200513966285
27.307824652448282
24.34643489506587
21.352654513545097
33.20817122454988
30.208996284777307
27.15489269343975
24.157411386802963
21.191272412242874
33.01822045930695
30.1804801148969
27.13835651384389
24.13485610893516
21.196716749308756
33.104533064285285
30.118565227007387
25.160014228247512
20.224087155550198
15.343661071098289
32.21250607154297
29.198718640138633
25.96732692466577
22.979664742343722
19.94078633495201
33.27205957625844
30.09114369835708
27.140031607563337
24.332538345757236
21.458315457957468
31.797413442501853
26.831801310248984
22.781490614119452
20.01894330274586
17.96536820529142
33.63582674135137
31.280195688310503
27.943689699988514
23.996631211636622
19.329732694593126
33.09309888775567
30.25964554632432
26.481224765375714
22.814936524660933
20.38678820884011
33.02789193394748
30.09869706432614
26.92039853002665
24.043380008835737
20.96676798071482
34.59667067574168
31.131689424489444
26.665119604690286
23.971568032029282
21.692309967909317
33.607329786655484
29.487692647286224
26.812949685442558
24.352702866459953
21.002048128902292
32.96331663555093
26.662757452350053
23.226730203578526
22.164211529127236
19.975025145938943
23.203676619065444
23.163553525554363
23.300255466926437
23.468410653877243
25.55989398259512
32.56797065996305
28.358749865032618
22.11933186134069
18.98552457439222
16.194056536622643
32.02495661875327
27.575146629594634
24.009779340068146
21.729344612849324
18.00887248189285
33.075199905394214
30.009894500266828
26.943050881253512
24.003756686097937
20.980206782311566
32.99146089710898
30.01487404354743
27.023702545631068
23.99382704403486
20.995930250867715
33.00953541447152
30.04101533779179
27.01584836209654
23.915836391932423
21.030853771416673
32.99618387537891
29.94520907293787
26.9527079513134
24.00994280526666
21.04623021302723
33.04482837992799
30.08852947584414
27.06579929664729
24.004834049388975
21.220862482251682
33.02878202826621
28.04087414388817
24.918956728183485
23.02326604119439
20.90083213330605
32.99370736004069
30.061126151951388
27.05748968489629
24.072789800183493
21.014859352273376
33.071952683054796
30.07277945362074
26.990928830589613
24.003786833829977
20.995862387712577
33.26203822018125
30.23378226794619
27.183454674085567
24.170104347111305
21.1625790274126
33.06771341781937
30.068791609087135
27.02780334669378
24.011423024104065
20.999141425669645
32.8435551877073
29.95900519155989
26.980748869758436
24.025306059488646
21.20745125768659
33.00255586936424
30.000448049564277
24.99917761881369
19.992484235054
15.044977381683102
33.016130454621205
29.83171368786472
26.90079810953948
23.868631971301568
20.865730000596322
33.43327164313311
30.264783298722236
27.656309268776553
24.281326401644513
21.593589594358647
37.98582621320223
33.06020086838426
28.836454271597823
25.478431186494642
22.64685277231333
36.34824007153141
34.26109939912208
31.211822916096036
27.7922444171222
23.161899243506305
36.0411223399735
33.58571595826177
30.24023982560006
26.188532097285083
23.35158332441
32.994478778305684
30.080386163131184
27.093809652388764
23.982110209227724
21.00344650535802
34.134953109624476
31.45146806849308
26.706070078453127
23.91854479939701
21.107916752996374
32.65001041806921
30.04603918121012
26.881269240395667
24.31563779297963
20.750281173990196
32.868038366945136
31.028782664250713
27.668713092641198
26.31873296453246
24.438941174251795
25.45991166950545
24.99588131613104
24.741186121736163
24.31831613415071
24.838513901763474
32.57824847762173
28.137605091446105
22.124443358139278
18.60724151742208
16.166895960120115
34.41993354906423
28.580855344133532
26.460928237325284
22.050775871222545
20.443482589344576
32.99844723789455
30.003051923202932
26.99334322686816
24.006166289358823
20.993233204360312
33.00781194059472
30.00586270010482
27.02182912719751
23.99510036675637
20.99552150711606
33.03088723361305
30.005785710213754
26.90965583051468
23.99153141032523
21.016532966332484
33.032702068852906
30.01406625419318
26.953825117002843
23.998321018791565
20.989886927286324
32.955434449209584
30.03472075188995
26.944304402577966
23.800566786911737
20.89745058420677
32.93837548594648
27.86628827045898
24.8575775850099
22.97264096978781
20.884500808554165
32.92860483400958
30.006421059389634
26.99659560580942
24.079206673713752
21.033959289664672
33.10324900422724
30.10529754828181
27.030158728641005
24.051982179764536
21.03323343868309
33.27924323048317
30.27765445484182
27.179129611108696
24.209964725574412
21.195213235331924
33.10769913379704
30.092089825666612
27.047695572930152
24.03234156833817
21.032419911467365
32.823349532166326
30.29532842322402
27.370717978214884
24.393862007655223
21.501989680028007
33.03147730187193
30.030305505018568
25.035357656561487
20.019824130182073
14.981206891752006
33.48771349978769
30.059821877432398
27.054885225296275
24.044257249239763
21.093437860022647
33.2386613671662
30.26356211997228
27.287380568134324
24.10375647510369
21.317248935754076
38.53693233758167
33.65410342368087
29.527385254914577
26.43390315083567
23.93029101099302
36.25478203911267
34.16169078274012
30.97078744737749
27.365797291171198
23.27694326438688
36.25221574942274
33.95783463600244
30.589117354219205
26.570004310168017
23.7223514789264
32.99275765912598
30.012168937855172
27.08335066042416
23.95818794071923
20.992968416590237
34.313754433961385
31.41321385626985
26.95781721356781
23.795663886751953
20.831942070805837
32.764985795458365
30.033564169287953
27.136314752034984
24.310424729149275
20.249275688808176
32.925562628960456
30.40688421630629
27.43695275564079
25.900847672847686
24.83995563136461
26.083145010476045
25.29756261075476
24.881243362966522
24.41659009079871
23.866160633041076
32.57642762425118
28.196835117654405
22.121905416674355
18.674181663409836
16.188445273563655
35.063740259999115
29.857123456822194
27.169977606190876
23.665213140815403
21.135620575864333
32.98639933873896
29.94360135034311
27.009527267632546
24.003927042038086
22.171412191583077
32.9854557379696
30.011549550707667
26.98955336093934
24.003455732676052
20.99544153165335
32.975409989156105
30.030124318075107
26.93257268693168
23.999395356394633
21.00290126300767
33.044266167231264
30.016349584258634
26.990240560001144
23.962321024435987
20.941963790261916
32.92034853866853
30.113120700923677
26.938061783151053
24.051978898173815
21.61261261382098
32.80052000470649
28.087210358701643
24.83767988333685
22.84649621626322
20.874954085424623
33.01460362237324
30.084177548545266
26.937431570127572
23.946327929274766
20.888279746973545
33.10230141747907
30.137559053888335
27.116272739158557
24.191375618183475
21.258789748618483
33.32665293044136
30.35823606985494
27.341316000507227
24.42171232600343
21.49981520153899
33.10771928364084
30.113816004965397
27.137895383164206
24.165924073768007
21.26973815279267
32.879976848685516
30.274449070225096
27.243519001144897
24.26787626751528
21.340026801846147
33.03598772509066
30.069772002208104
25.16828520088902
20.29937146413781
15.427804302962453
32.118160019130684
28.97473371686197
25.836544669277185
22.803833510620034
19.799685457911032
33.132082703423926
30.037115927827067
26.95688894364453
23.923903157409022
20.9041099082105
35.229713317314676
30.44646452936756
26.610462896575267
23.968268577099646
21.967707527496636
34.1583707902533
31.80862334712236
28.52162608331382
24.890262432399005
20.547615530913355
34.15699071544302
31.339255431529736
28.000234347841065
24.51218543140339
21.581553004280465
33.00108645665901
30.0956221896843
26.969040814106357
24.11682140059699
21.106664794176517
34.26189841806762
32.09592745470843
26.82294018210603
23.943839060514215
21.00422815305727
32.74270999570751
29.523003655370694
27.179828723344478
23.722216337234777
21.339291869682114
32.98071943824561
28.229586308426974
26.055192163608154
24.246195896560906
23.065773653682676
25.488296320787622
25.015424042276102
24.606168621138544
24.230389149589094
25.2815256630201
32.58245023717656
28.139220589973828
22.40724386565717
18.60588368887601
16.87639129219731
34.564271067600814
29.137277389727963
26.594931566777774
23.073383151698824
20.58783883802498
32.994957627443725
30.15462347805665
27.000106315936844
23.99072739492282
20.98578100997826
33.023950558940214
30.00608732789634
26.982055483204878
23.990333971263947
21.02250921692926
32.990088329917654
29.988514759945907
27.014794340112008
23.972398438545763
20.938860832474223
33.01440050843518
30.03430825459134
26.94550717302169
24.023690745974466
20.901055119142317
33.017575022757455
30.094485613930622
26.909077076490462
24.089478166221937
20.801924038361562
32.991697893736436
28.04056258718925
25.131129547115076
23.000949531182098
21.0045213268395
33.00149958691659
30.03404666896912
27.01782017876245
23.990520972193373
20.955748244887722
33.11350453253401
30.11371592174803
27.04773625465301
24.04864780822813
21.07018052098331
33.27997984131723
30.266297372828287
27.202361974902022
24.22951970852456
21.22617647962944
33.11787929206493
30.118371825710316
27.05431788084459
24.036257973423968
21.085950326542463
32.832562050922945
30.07581871819958
27.113638099901056
24.180991137447478
21.396018495463437
33.045785427385454
30.0478799130043
25.06029305046775
20.090036906604016
15.246732698098281
32.539744003397345
29.341765660678224
26.249396586414587
23.308253417854914
20.29422772186009
33.004500932868154
30.193716032028426
26.987568075871575
24.195594487538873
21.217100710557737
38.05967035284685
33.110308969121355
29.109279925386687
26.18252999265989
23.600035775767772
35.65751441741035
33.783724406430444
31.214410756237676
28.186210255342658
23.153016680613185
36.37988641130356
34.071101132159654
30.80287022052822
26.775479547490907
23.32338705429843
33.02905973682364
30.019277944034815
26.980758700949515
24.200715409423456
21.084100482936886
33.732091812872056
32.06432029863037
26.898822314996387
23.783431744763703
21.14593660744735
33.31617932585679
30.466527827223587
27.01471837521109
24.03830080298722
20.57430535216428
32.97800556824122
32.48411564044234
28.787352779540264
27.673681735287836
25.52620458943818
25.129538977584364
24.604756928942617
24.31327331237551
23.983458220411634
25.247121011088577
32.56808131759556
28.23266903043845
22.111807513341446
18.7631011413899
16.112667527283023
33.6927446058783
28.14626825879071
25.7490161415542
21.647684328941285
19.738785119040802
33.11451859058825
30.022295349593385
26.955206952934567
24.0143201102984
21.00528387112725
33.00600837955712
30.02476396730257
27.022213295237094
24.003198236495113
20.982096209576678
32.99918651831284
29.977360276132664
27.04548739687521
24.009094928433996
20.956104744516367
33.01105933308558
29.979573667074497
26.900420206125844
23.972883292567637
21.04780593021495
32.91856540765606
30.02032082815014
26.98536802485933
23.954423211742785
20.780403294880454
32.94247268946726
28.058828160174507
25.154157886485148
23.01024594377797
21.042511523166464
33.049387889278165
30.0735945533866
26.985548684964048
23.929251736233724
21.010856400746086
33.11337813978893
30.12959379537669
27.067823096996335
24.073372140058336
21.119197971576206
33.29320005823139
30.288333479511742
27.25778843180771
24.3057067207714
21.366870067808968
33.10677928875784
30.139196957880543
27.058966403851663
24.092547722500797
21.142013447718305
32.75136537516774
30.31638853705111
27.242103838190754
24.31890889933709
21.19411144727996
33.05453762230229
30.059014867886265
25.084640332746844
20.14755649313468
15.292836345975836
32.3962800404808
29.199012891247772
26.086253060741868
23.16117969250099
20.103900857141266
33.25881976512172
30.1921779282304
27.283511690698774
24.259610353654487
20.98822575186626
30.833793205163648
26.2176716190121
22.686412749453137
20.479774851450195
19.007455785157916
31.620994418784974
28.821978549294155
25.228893510201054
21.850124861988895
18.662069597338878
31.37091547110112
28.111342226739534
24.67830730735923
21.870497588133986
19.554716655263285
33.043462578251884
30.09739269216991
27.091370065887116
24.022433287770497
21.07961668230174
34.674002663959136
29.857442866731553
26.787539827712155
24.656933107640064
20.72006985170936
32.68960441177032
30.4329966810297
26.83701771440941
23.641290832469835
20.75860747865552
32.25549511894145
25.4193689399694
22.68817794904095
21.752656017111587
20.230121647156253
25.5176895871497
24.825972111386243
24.60569283944587
24.134240237381523
24.443789614919467
32.57455898410199
28.240364618695565
22.14477949284038
18.743555626962507
16.291938822580015
33.32355079243003
28.751157793782124
25.411381196243582
22.553256695732188
19.392684891310793
32.93924006742984
29.981920006688497
27.00300704438345
24.005483728399533
21.00344400867111
32.98876780131256
29.999874378668927
26.993020530983728
23.986920271309472
21.008516255444974
32.98688202812545
30.079194984769476
26.995818498033103
24.008851747405515
21.00270014549404
33.04888403645049
29.916114932475764
27.041145566586312
23.999062940498376
20.956010744762054
32.92031726103311
29.967500942735153
27.04677370905501
24.372841751808476
20.1286658354634
32.97129731991927
28.037858824418084
24.976342799481934
22.978373996508594
21.00927071569877
32.989332115319925
30.00282348653929
27.063052054606636
24.0503585558524
20.982721127647007
33.09638437298884
30.08666219638032
27.029379020736076
24.06383385837952
21.11895297991373
33.27667534663123
30.284986714066612
27.249698785472773
24.296308069182576
21.36371921397744
33.07443171382538
30.115392416448646
27.04782634106554
24.077327417539856
21.131506689366653
32.917788732605935
30.147790784970102
27.11806517924621
24.123990002139273
21.202372351821964
33.013691044334024
30.0177376228242
25.05418564698109
20.154929017130392
15.318884356149011
32.31438940007726
29.091766008362686
26.13841222703664
23.153131664157574
20.108382359863487
33.385477757629225
30.279844222044062
27.182169853359422
24.071698629382823
20.66427337559062
35.50172442803326
30.734311946226732
26.75157765975846
23.77779516631666
21.451081514475902
33.48705959187404
31.09559226711399
27.902202709941946
24.560262733544963
20.625824968442856
32.32341540016574
29.789815350731864
26.75211226765628
23.460815962624217
20.87069820749914
33.026297770303316
29.992946376108915
26.957097756172246
24.021960766332413
20.966795694390488
34.793152799069574
30.15390436442177
26.520874455480694
24.179882374453932
21.146031359408713
32.80947895866872
30.426865894301606
26.88600679354478
23.846484484709368
21.638118479427764
32.975152538351
28.429120147059002
25.258463340044575
23.579445561681112
21.804390022365403
25.506705307100187
24.934770125157073
24.66752265851607
24.374718420395894
24.10524122153491
32.58882956435877
28.143338321396815
22.17390061420065
18.627951758220295
16.420448782505876
33.17358643647596
27.508515674718076
25.217672282640827
21.388919033814293
19.20122048564551
32.993933649588094
30.006737464609593
26.987877916192197
24.008100400641645
20.994763024168783
33.01105299080929
30.001391498694282
26.997326798115164
24.023981607368242
20.989841430348402
32.992400616277294
30.004067002639356
27.030088552054252
24.026461383844833
21.00044019314149
33.01209528701423
29.962257135106576
26.98118926114702
23.975677557491608
20.96797631407298
32.979979246348826
30.04989129007558
26.951238634998266
23.952137644929724
20.664613951465682
33.19836793897314
27.80286881966848
24.814355034726198
23.235567710061726
20.7815743952986
32.989367500070905
30.060654299002053
27.047191816740316
24.021183110499425
20.934712288930196
33.21478125903745
30.261888310473122
27.251690707880357
24.33508911479628
21.45427120303847
33.35866782438905
30.389672303064607
27.401619964462615
24.513945094683763
21.665825165810023
33.19220363219565
30.26271442818433
27.230674260327188
24.319152934209992
21.438429509297677
32.82571057203427
30.031655465964956
27.133366180745217
24.27996607271858
21.582951475473408
33.158052432115014
30.18833629193832
25.294527234999688
20.535295120622543
15.870001640320437
31.23214319063309
28.03720928683258
24.896251840161874
21.926136829027843
18.912611358373024
33.24209399816956
29.829698163168242
27.736694290265945
24.23153323465599
20.337456841843185
39.065636944450766
34.30596802140988
30.43668126491367
27.41667275445984
24.624637743090627
36.091992390679245
34.1358918337873
31.312635403667826
27.484366449233022
21.004206007075645
35.87789627587736
33.6778730410077
30.735585231145187
27.083186595931576
23.392444498398607
32.980150394672265
30.060543261965496
27.066990951688656
24.022406183868313
20.915231388306353
32.40983099851608
29.883352170308694
26.561147593778152
24.045705089161352
21.346071245752803
33.63654084711174
29.981698993326155
27.045933312759935
23.976439921294535
21.09382746083519
32.655833150664776
32.83991406463932
29.730535101737342
28.756852734625884
26.976345999192127
25.370161133259952
24.74761582815221
24.115412139440192
23.785697972349368
24.307887882061987
32.59733737495745
28.393318404946697
22.313235931265794
18.967319721222328
16.799457920280375
31.575123539214744
29.085358350220304
23.52458467977998
23.444209363209932
17.53906169950654
32.999071766874756
30.01665466460741
26.97946428274236
24.017581040676077
21.016391673261285
33.001481279984404
29.993814811140673
26.99969396506439
23.97583388901043
21.012072890804415
32.97814539150749
29.90955138302784
27.025406370427238
23.99318850632843
20.979300960086714
33.01806413915729
29.97029149653256
26.915579583397196
23.97836293070722
21.00945607962366
32.9981644789024
30.097755171495358
27.07005990661792
24.033208069131092
21.41548977068694
33.01631210493583
28.117208953560816
24.98170246092524
22.848683663072727
21.119747447246414
32.90943634296322
30.002827678969023
27.025400833183962
24.032303312737966
20.967380000391177
33.071166462549876
30.08165278283933
27.00971058504077
24.01553160381961
20.98947047529044
33.26095481997009
30.252056976221965
27.193488226714297
24.188923567922444
21.161535850686292
33.06607933857038
30.081982448348647
26.997148142853572
24.01432727317717
20.96168789352452
32.862381056086114
30.109524727138222
27.05938436380038
24.079946464713228
21.21974698589389
33.00793190283626
30.008264925987298
25.01077460721085
19.98399600638827
14.947362402196685
33.61732114065099
30.101706420733095
27.266344445411775
24.188955771547352
21.227466949410694
33.283606887005604
30.286922631893365
27.146346219569253
23.79044375455472
21.231944269891518
38.836798000291324
34.00343446859485
30.233186015093594
27.79649330952153
25.94475657631381
35.65859566306584
33.50898689441082
30.767352683700043
28.04798551357319
24.574947915879136
36.52682631383173
34.091977477229634
30.874479082111264
26.899114132745105
24.133329557688505
32.98458866180427
30.08219108404374
26.979587420315237
23.910871664006216
21.017425333829078
34.02665029031228
31.666533525187486
26.806129865403783
24.021025595340156
21.831024192212155
32.58658827707613
29.957153749090267
27.009113964466632
24.005015838088603
20.58334716440761
32.794668241816936
33.28247637995433
30.88269702460594
29.25491863494283
27.814184258461452
28.78211822290376
26.99702972398753
26.0167487251978
24.970414513250443
25.222626386477476
32.56850638366436
28.156898252908586
22.116391944713815
18.648302401168145
16.125685285997324
35.99178558475717
30.582042521261094
28.049164203176534
24.214493024524767
22.03180845762919
33.02417456753494
30.000960522013234
27.009609796479232
23.97705814777793
21.011129656113347
33.00887564592038
29.987155898901015
27.00028066598465
24.002115843536625
21.0049459323591
33.025659768656745
30.019389068433696
26.97667818355638
23.994779728335512
21.024469769335813
33.042456076581644
29.96959990256633
26.965644133864508
24.006489649651805
21.48670484409451
32.99408526792524
29.892658854507857
26.927903651514903
24.417055587219988
21.18999171284036
32.95635029984932
27.87695627079784
24.757448853375386
23.167956966388363
21.243063739087646
33.02941298229425
29.93941139185104
27.053392197278026
23.98568789991363
20.88475831516352
33.11549854591015
30.17676332501827
27.18449507372093
24.30820568175402
21.370704393711094
33.31559690307336
30.37165367958099
27.400712134425586
24.489291553693935
21.577719673593904
33.11341037538731
30.15891681865698
27.1576907832766
24.302502168718586
21.377193077235603
32.82025918495164
30.282654648124367
27.29306209438418
24.363307080220615
21.576493878307716
33.039077525264695
30.098982151110093
25.260587667883122
20.39930672538852
15.500928339528347
31.967899598229785
28.576190361734266
25.501418125492282
22.62324773916074
19.61392978100764
33.21070721036606
29.737491787536648
26.59217966956063
23.982396174406034
22.40832338702264
38.3489227492601
33.64068235915388
29.737135779866065
26.759442235572187
24.31376330052624
36.13076431618415
34.012633852251895
30.79073735724814
26.509397359043085
21.125011804413646
36.41967110157972
33.96619861277654
30.54532923893095
26.622536414221727
23.919431578633706
33.026990200194454
30.065403530451704
27.033007037615636
23.95508253639713
20.99079220068067
34.22850032905919
30.75647921981573
26.924614611777756
24.282803180495844
21.056738284517987
33.33619919814498
29.8697586492859
26.92167913893141
23.836446433949995
21.77051167163599
32.970215402092236
29.80940638111219
27.811976214385474
27.783120220556402
24.812489056188312
26.867106609786454
25.720983049325618
25.150042516924152
24.513051217508384
24.61727076530902
32.57797764832985
28.13585654280449
22.613129051076402
18.59470785599602
17.187304527299606
33.95114890170306
28.42272923762545
26.018569582298273
22.46356858208609
19.995719180963576
32.987055250789744
29.964693872915944
27.013069740347277
24.029482095994545
23.708644922866448
32.98722690347013
29.981177288536742
27.01438622944796
23.998155005145904
20.97617477874199
33.01060384529548
29.93453542355608
27.01379551349102
23.983162778616286
20.980554878635157
33.04113207556048
30.005194668335506
27.02576813325736
24.04141108679535
21.019576820103353
33.20838028778718
29.99156036038531
27.124912036521458
23.680499466900716
21.017920197819578
33.086468294977095
28.15804108335751
24.776137027454894
23.246110168555298
20.881196223477012
32.79219176948267
29.985953445835186
27.011999831858816
24.03481841136
20.952808038076974
33.102089071659265
30.133896784614226
27.092963294567866
24.164088125858747
21.241099697140378
33.305364649546625
30.336230548768604
27.32174474731153
24.42698173196022
21.547677148295975
33.1042766384636
30.129936804262382
27.087057763086868
24.153446561340722
21.249036230326578
32.92195708952357
29.991165502601174
26.9994745826623
24.05567666435391
21.18771440379357
33.041315687018326
30.060280550685118
25.137198070029534
20.29565959955739
15.592652947821916
31.781166524644
28.464592710852234
25.46662015299499
22.47129566765993
19.443610572559574
33.37842990713003
30.20675643593275
26.75717071454497
24.428128014160265
21.20553728429813
35.0927723025445
30.417846796367552
26.548672379579656
23.69125478480184
21.55364484430297
33.72383137548621
31.319245133972696
27.932487461682534
24.369709722168515
20.06466482219222
33.357062075412905
30.840930283929335
27.533680293394355
24.097662008010367
21.72837340426441
33.010346564504545
30.007153476155615
27.125518003914753
24.005961438600746
20.948312821621634
32.46698348379268
31.228891345149282
26.71935389340641
24.083495748875542
20.93943593736276
32.64820173778969
28.866854386078128
26.939166177176006
23.97839539327314
21.06727957399402
32.932554235762744
28.615291302801083
25.745513779406892
24.61107775129185
22.437077928907957
24.286586334123577
24.01097319955025
24.225794158778328
23.8391057110908
24.018119292752083
32.585202331703215
28.185420262777072
22.27503718809869
18.654911146911072
16.694956896333967
34.99960833028136
30.323971374160458
27.01974813746915
24.078564322045686
21.00226412093109
33.022106221530535
29.983902074550155
27.013090688095748
24.020221302420914
21.022640477554543
32.98631623058131
30.00076560547615
27.00284098964216
24.006353432048048
21.01382534401776
32.90243256026677
30.013619478288177
27.04256349537323
24.001492503516488
20.972181444413668
32.98776871266571
29.953785518288882
26.97753915886716
23.964946882548276
20.94154861702901
32.921154292707506
29.976074044077684
26.96157491754549
24.1173013180924
21.00429887255367
32.97724156529901
27.988346702179385
25.17501834239337
23.228388629131818
21.05620489650038
33.004272735117134
29.967184124011894
27.007646706166142
24.029104846630375
20.840469760362453
33.085103391860066
30.098887969618993
27.04560961055212
24.080931155525032
21.087270170733362
33.29237710058663
30.2858556961915
27.23549001740164
24.280919377920238
21.3119663293799
33.09187197120737
30.118863375120924
27.042381422195913
24.071890670602507
21.10822366072544
32.98075700224316
29.28108805461449
26.331515721735986
24.056944967773738
20.582691278072605
33.028640565213834
30.036457117040513
25.072332043685467
20.124012579054856
15.190386192572046
32.60915496237732
29.439278416975796
26.431312029551396
23.501476422963258
20.4384979479429
33.3012209994783
30.09641935905854
27.305750375948943
24.20800864557595
21.09574716335871
34.205095469271846
29.1529375218538
24.90590366523367
21.81866638445145
19.59607220840255
34.85576163429183
32.73142831791062
29.92804133721028
26.517253788552576
21.75287274994598
34.7795103740739
32.260722537185785
28.684709946000375
24.749071695552495
21.618650020066923
33.03796924703501
30.005266432606156
27.00665406899972
23.990208475989995
21.033196449031717
33.74463255355137
29.511822487605738
27.545196752720734
24.397554644885236
21.35482463641776
32.68535133037291
31.605961791559878
27.135543212838865
24.11459157870416
21.424194152524567
32.98813934458227
29.807664846887825
26.959541653932412
25.158399973941478
23.336364347730694
25.033335866631976
24.549211516884135
24.40809897169322
24.051713327832417
24.382183052712698
32.574168761089346
28.188873978453937
22.140678228539468
18.74869897563707
16.23779269637771
33.13380728505622
27.87586984921998
25.18046271363573
22.01293435843816
19.16474433708137
33.0319846016517
29.990846500907693
27.012402994427937
24.01140271911354
20.985471054489867
32.994721581166566
29.977804576486477
27.018698697406318
23.989424822722505
20.99640744495618
32.965447493798756
29.977680429164653
27.052974526340403
23.981998321093343
20.914283303806172
32.9917030802963
30.032424550819275
26.953881549972607
23.98588680680316
20.939862212436413
33.020986600228554
29.966740122190004
26.943051161317083
23.90806761633391
20.54716125619066
32.9077877419659
27.91431712890196
25.01355317505204
22.814106315167272
20.989300040569244
32.93714139972531
30.099074944465958
27.072555008710054
24.00561146010684
21.17090771838802
33.87251145309131
30.914521406266886
27.91463405037474
25.008529215948275
22.13100959159808
33.889090819470994
30.93247064464679
27.93742451268603
25.07764514459796
22.187026643888395
33.84458039387166
30.906696372582463
27.92195602000075
24.990318740158134
22.13437887093483
32.81803348517242
29.94737279654177
27.019307638180713
24.17566439849874
21.45002630544358
33.811678184574475
30.856318918190148
25.989599803930233
21.179807444546867
16.329388206327216
30.28609612997006
27.182025389553605
24.065222032435397
21.013986847335367
18.034271668860743
32.131006576718825
28.78839661044916
28.576539306946547
26.013472444807334
20.95022957250685
36.63400665666853
31.742271121275895
27.699943576654782
24.6351591806565
21.966709580478593
36.33294098161341
33.961136121552535
30.12221446856212
24.927665168390412
18.80733523613167
36.338689005819205
33.89930023499361
30.507713260420367
26.64300531574134
23.67164252800883
33.05216618479853
30.062222670223093
27.087769368774666
23.965613761136147
20.982700141775577
33.05507782689186
31.616625884178834
27.53740267888805
24.478976178908546
20.857692250631143
32.62933320860873
30.111767955010194
27.016006598535142
23.2810102217609
21.347575931164844
32.97797409738714
29.37078775674837
26.7657788817937
25.674441399077075
23.6901018411675
23.105834913434773
23.08430824493032
23.339599420924984
23.42639128832833
23.51188465997356
32.575706504346805
29.939179913501214
22.202504663631856
20.856144155054537
16.37946991891321
29.369915487432028
25.837275659289887
21.298805907204894
20.601920021179495
15.27947396173166
33.02467260775771
30.01753171946699
26.994036013246138
23.980866939935254
21.00453107347745
32.99542298760561
29.983438762863685
26.99781050867348
24.023458642833248
21.02467465017793
33.06613714722677
29.95494525230974
26.999347248347846
24.031579012987358
20.915683410564192
33.0610254329569
29.991469044918958
26.978332202022884
23.934441325098277
21.021994702069044
33.04256102845555
30.11424216908258
27.024572038857038
23.879932559934588
21.045594634991556
32.953738343228636
27.918984249802694
24.95980648635166
23.24115570709295
20.771519728787986
33.19755684370286
30.017021380452626
27.02722450919813
24.024802073026137
21.035705636025334
33.114910638979694
30.113203917676174
27.041845791924395
24.04557349966396
21.057810703447313
33.28888301999524
30.283357931733992
27.213827654273942
24.218438146974076
21.239626732403597
33.118985861843086
30.07801047384611
27.063617489033494
24.072391851141592
21.02994071243169
32.910146682018805
29.96204127334594
26.945973263265767
23.888583237583084
21.0576234230858
33.03957476953839
30.040212729322405
25.047422331318614
20.048548142493846
15.05267884321521
33.17764415359847
29.94808066411375
26.929262969206537
23.807053269388717
20.824734271707786
33.44538367153133
30.134237447366612
27.600242288624308
24.25104855457523
21.848908040254496
34.861912570004634
30.043279945829156
26.146357565532597
23.441929459759155
21.375044372034544
34.20500154087398
31.7872528101671
28.409124571093166
24.914377075862273
21.304613888378086
33.925083171874675
31.233895494288934
28.000825354693013
24.52026738169225
21.091415212753603
33.09198712414212
30.067078954691656
27.05353462823045
24.05768011131493
20.96809205451509
32.75373626598071
30.18261504041711
27.300146557149287
23.956618120868455
20.851141812366755
32.953543197148974
29.95919925236805
27.147874254667535
23.705691069682405
21.061021728705747
32.9542516215147
28.40743014881452
25.748022239820667
24.02287460769862
22.240305215710837
25.279501396203386
24.656170422478183
24.432505387840067
24.03576590663365
24.56541603692248
32.5691450837613
28.21581199304603
22.12516759571149
18.68822878664153
16.20863401575685
34.42024843747088
29.346734627653888
26.51152807307236
22.91236545827079
20.492425631558593
32.98401235794704
30.01991845542515
26.989634322138475
23.982870728357426
21.020717390296213
33.00656973402039
30.000208652219964
27.01621081066778
24.007077724616693
21.002305412230978
32.96679076970944
29.97714805539228
27.00959591832778
24.041588037852083
21.013292209760127
33.034321130355615
29.99682441525986
26.97947490180833
24.031643793325863
20.942533693058657
32.90956645245372
30.046455426700764
26.98738116371601
24.064911534854595
21.793795497215378
33.00395454479104
28.02475586022529
25.15357828064718
23.003619735139175
21.00948729582983
33.014608836360544
30.057689539486727
27.01118360485618
23.97416086540117
20.99147889486009
33.11664373125061
30.1186957952078
27.061145472621945
24.048754408186763
21.035969750758
33.30400698275699
30.2952091608396
27.221245471280383
24.234099282795004
21.25538924862809
33.120831623391574
30.136059985619465
27.045678547235617
24.05332153486533
21.037421051347728
32.85029214232699
30.18985813031001
27.10625278237635
24.107042834422593
21.22028302726843
33.05137850814981
30.05035040489132
25.051991886030134
20.05793648723962
15.144825474354842
32.89809000116229
29.600894563853636
26.47707992708702
23.549325342626318
20.514356859343934
33.19547328347525
30.28694501119969
27.50871314584505
24.99455386779519
21.624540591898153
36.301423464375674
31.493278871152533
27.61648188825008
24.912069268366377
22.884924657850302
34.15879413254593
31.82741883663549
29.000058289503762
26.19893463659952
22.274161643080962
33.62139665005885
31.38722339366574
28.448681744876968
25.094578841692172
22.1957802412701
33.05713423918342
30.011761642538897
27.06975152941412
23.988944303449355
21.010782930569984
33.74111423579874
30.465870765987045
27.556590806990513
23.820134291296206
20.711599407781996
33.397390193655724
30.009136202955222
27.074246243924016
24.032703938657978
20.621409940552745
32.76053170584446
30.577908929572484
27.81525939588366
25.63431116889182
24.38817873411079
26.310402947355875
25.555797414646474
25.005903057176326
24.553003446001632
24.712980706669608
32.569124828856765
28.24411829793947
22.116185617320156
18.727384008954395
16.140937222781766
33.83139297567321
28.890902436343197
25.837376095364544
22.244355564100893
19.81857171138777
33.023998267713125
30.03583539821222
27.054883903398704
24.012220497833546
21.006016271457803
32.995845059583075
29.97744397325697
27.023555041244055
23.995606061027836
21.014621964141767
32.947524353787514
30.09891136999559
27.080859583981024
24.023592023408277
21.03087990142704
32.98171848123958
29.96875990459644
26.984482932891858
23.930133847195574
20.909438242831083
32.974299420424174
29.9065117550693
27.012770278283664
24.021956992771806
20.99285369067345
33.052029674431466
27.904701328298856
24.889219203075417
23.174398852616097
21.023723873118723
33.004153552356726
29.99259027863181
27.0917021818458
24.06837553025767
20.926280662769237
33.14814502347042
30.13618547242524
27.08493168966477
24.092458259904355
21.136024981791426
33.316083829408726
30.31779863533872
27.275567531139387
24.344223177973923
21.402305775896544
33.149116462642525
30.12325755596542
27.101433374721196
24.084531128769243
21.140005156201024
32.80612231644545
29.840040316336967
26.976240168389268
24.201686424421137
21.645667558956568
33.066863491392255
30.07322936332659
25.096727110947334
20.158566698058532
15.309801453498098
32.283117229190076
29.11690232673816
26.156983998769697
23.103873238159487
20.105001617662932
33.31961324709367
30.006033125881636
27.31733018873505
24.326970403247216
21.357818808024142
39.844427246850664
34.94901079325895
30.602552839539108
27.0935793752372
24.3634631933287
37.555056982217444
35.59334168746407
32.60394114767527
28.887910382883575
22.766393609534358
37.25823566874023
34.99635381137829
31.531871498079063
27.10054667347127
23.34658184384178
32.988123347050056
29.965847311375864
27.061587818563023
24.014489596880214
21.0853439030755
33.62273522893417
29.600461890954826
27.21346228196608
23.87615342626091
20.857134255223585
32.99130508620155
29.96800414647362
26.98692605522337
23.925515883183486
22.296843884982213
32.97797050073262
32.37692414431357
30.50930694421887
27.698878942594693
26.02905058507707
23.822146590981408
23.658103325068307
23.64605577149733
23.67641935962127
23.70262107947926
32.609832092726364
28.227558802123237
22.169894026668548
18.7801074545355
16.22253606038855
32.34954416802067
27.386905162912818
24.409179991582057
21.21947838274194
18.388964787611886
33.007339140555175
30.01454307033093
26.99255712610556
24.002177937723687
20.996525911271206
33.02336332959265
30.007701565284066
26.994890063497884
23.989432029781376
20.999344202870283
33.02234444224987
29.932038958326046
26.977797919510046
24.084113803626348
21.075136925947486
32.93188381622769
29.997498403532585
27.000437655121694
24.02741235277454
21.064774960151333
33.06070305745431
30.001421175929266
26.97857293861038
23.96686063094654
20.909640002020126
33.007203353026135
28.084041640816615
24.978715490860036
22.88213887838996
20.945618849749017
33.0617069223361
30.026065728212778
27.012086619058728
23.834922136475306
20.999872847794787
33.09768881879891
30.094962198792132
27.006675667897724
24.011046655734006
20.98123933135993
33.2807720120745
30.25433832662381
27.19846416455859
24.19053523052542
21.18977444505252
33.074019631140004
30.06863239232032
27.008186777432503
24.039034260782795
20.987059215078684
32.87233473111477
30.102224374760517
27.132109664089135
24.150578076859862
21.319070136957556
33.02441176570032
30.02210721247319
25.01569349515202
19.99213391740207
15.041511973249605
33.169743242555725
29.879320238940604
26.893730001160034
23.845764824865206
20.81503141862337
33.401946621669985
30.207273175924566
26.797439855125877
24.459996422501014
21.694289657779066
35.69331322579846
30.923595094285545
27.06812286284384
24.41619373181139
22.463736617527292
34.9963616825605
32.56902805672783
29.227401050907996
25.80013178502138
22.062312940804834
34.343021657502455
31.860585989737935
28.534312730305654
24.837958538619212
22.29464421461431
33.039969915281056
30.073599505717652
27.054923675449352
24.11988798240852
21.069544948457374
32.997216060817145
29.77930891046031
27.721125346607558
24.418315789979776
21.02327270493042
32.585455334371474
30.02680112393466
27.415662847301554
24.25020503797572
21.050138621409587
32.91282909350525
28.834278272190318
26.572042989729056
24.87244156130451
23.525501188017923
29.492361518856896
27.424703589521016
26.269083558880695
25.26114184265451
25.87565008893673
32.56791400271026
28.190153044582722
22.111006975615005
18.658420166858804
16.107021964686865
36.19504505628471
31.430234286367465
28.299456638718155
24.630858327321636
22.282084737010006
32.993275118861945
29.982856393670772
26.955731834450724
24.011463320665566
21.008219412636887
33.00844619362034
29.975400444753035
26.99956163063892
24.00513974010453
20.983438868572858
33.0020908745184
29.97395000482376
27.098330741091342
24.000905838639692
21.01216325140479
33.01565742840785
30.063275114914152
27.00874983300706
23.933684476784734
21.053094345646308
32.95991333063511
30.03758979893596
27.11236421436211
23.019892915165876
20.832947409001594
32.95870981232315
27.782339154283108
25.073068379012483
22.841988633938982
21.060104575113048
32.96692059091629
30.001771994337837
27.15989052679873
23.91556105242243
20.89837466910087
33.599934140499506
30.623095389794255
27.587364591349953
24.618506637244476
21.650986496911166
33.74407984635166
30.766496383199538
27.71671403519602
24.770204248043513
21.78360809154203
33.565931466639995
30.632472585716187
27.589847118939765
24.670064354723962
21.649633263412692
33.09435385847833
29.97524788034727
27.022654488698148
24.006986244857146
20.984943548750152
33.54591362007333
30.5636827341895
25.612365043792234
20.6666508913877
15.70790297881533
31.42896488288634
28.116624353366298
24.99734884188691
22.035614690828368
19.035490513755427
34.09809582374183
30.657205536831484
27.8990983152216
25.229196054877296
21.653646455367813
23.473447222726477
18.784969792045047
15.71672530020767
14.19540578773126
13.317297903544972
38.361360849539295
35.006485088281536
30.087696663145337
23.290156352509403
17.690588658640507
25.766245779787106
24.677253094331295
22.04263954746518
19.10686470148357
16.60163649441194
32.9852274128873
30.081396752584013
26.934807477102545
24.00226331156599
20.96309843603077
25.92792503539005
24.63347244262899
23.635521935038234
21.466030634558223
19.272991753822794
32.53848384637698
30.472668564062847
26.989664951908722
24.206554930277278
21.002382033949196
32.2663372982673
25.86955652067457
24.12575432117866
23.220537255710283
21.347626137507206
20.14091403588357
20.682166269188418
21.11056678294176
21.84460834088692
23.763981776536454
33.32811540482708
28.473886802025042
22.976904089174912
18.99620381385494
17.133944350841855
30.164715940868593
28.46718379440173
22.26466427698149
22.82188251948421
16.270843822313996
33.0271266078049
30.067767615915628
27.02485405090907
23.98772309996462
21.016396452595302
32.98243511724856
30.01087746514314
26.97633143672064
23.98264544262398
20.996976987418638
32.950312825556246
29.966922617064803
27.009556957360942
23.93852474243387
20.901545176423614
33.021836677713466
30.062467233737678
30.812682951105902
23.96933028021836
21.019697151670414
32.93804204096385
30.015032778752566
27.035785745491346
24.020797550036598
20.959281469742855
32.76799528129663
28.007214589673136
24.940627456942835
22.852196383782402
20.94192250605645
33.15927381612036
30.23296844500974
26.88907159215536
23.96636084093656
20.755276342585333