42.02395593025376
38.68195623044428
35.57523188262483
32.691408051588425
29.605973315251926
42.70567166817975
39.61721443045779
37.126298784321726
34.67914128677568
31.989608911481877
36.06028755473244
33.05071713288234
30.24253781042693
27.49526126145893
24.9163635759352
50.599701539109574
47.30024908310466
43.86863090010814
40.670535630924356
36.884626563359404
48.856661267565386
45.63176077760544
40.092651971845044
34.628380022296994
29.425702409835317
41.88451648743956
38.23641191033967
35.47078168568494
32.5802381975964
29.326038378586887
40.272940313745195
36.4479179919859
33.738743419490056
30.64979661034412
25.862637481951317
44.53655769228839
36.759915542428445
30.27971488891595
25.197994430239415
21.70127480163515
40.325125254373866
37.12282347767044
32.22753926705641
27.38706963156261
23.135643166077372
44.20765342316791
42.16064627404794
36.826111886255845
28.684498923958138
24.647023800199133
45.43391358880793
40.81939986544096
35.0799951531564
27.863343475256773
22.004704256885425
37.254597644825076
35.80154990317129
31.270779986595215
28.48248311451978
25.802551581321936
41.65310869847336
31.844590892985707
28.298311231494907
26.742201830231863
26.985789474647362
35.94651981830157
32.76603088687862
28.320234031986374
26.412279959146247
24.265018884880103
26.098911926416335
25.381452551434837
25.14120364295642
24.749965547866786
25.268087973685045
50.80042759694515
46.40522684294092
40.27571100667703
36.89324094293315
33.422101375536435
43.57323827776598
52.90769413655454
34.92495400710048
42.97992250000708
28.540625491378364
44.97219028167284
41.970908746594695
38.85087573680876
34.14180844970143
42.99782417423701
41.88556286048402
38.49349870356024
35.28421182036115
32.22440267721869
29.207567126110323
51.22668791027792
47.27493015939112
42.36519750613823
35.595989246344736
27.807496128502844
41.35479809766853
37.3284462044471
33.1378969398842
28.968741876521882
25.23080278641187
41.69253137755946
38.03609292686502
32.38306768687893
29.495559514016236
24.22244188790036
40.58787586382144
36.28023319826732
33.95740883828525
31.33851924932032
23.531356584195766
43.06439307144058
38.72054530033576
33.0943786039366
26.882818790040712
21.79481945165381
41.40965295379875
37.97729314378969
34.661126185291124
31.68352047046584
28.907902931380114
42.870766095222486
39.64741072795554
36.411851159960435
33.877705245994996
31.26163182451524
35.07841927643179
32.250078487621906
29.497099592458977
26.965363986562515
24.80241775611899
51.38384512475221
47.58066753729358
43.52228762728525
39.17465207963562
34.684596381434964
48.75815540906757
45.251106804987444
39.42707732996552
33.76745760840058
28.623133935256
39.41643778024257
36.266096925721165
32.97311550662151
29.964338587934378
27.208038967729422
38.30550314720797
35.973566653110424
32.34709011344866
31.342474797170926
27.184576607987516
47.69021384981676
41.11917300363822
35.161727829650786
30.179616808102203
26.375600911597292
40.873780102852606
38.01957646708748
34.29163858918711
30.780209798398204
27.021826284642707
41.069293954573105
38.67021262793287
34.551895918650814
29.43983597392532
26.6830397339743
38.88863354004929
33.87049518629563
28.644294838238636
24.75137475524788
22.062798499309068
35.512770372590246
34.78101027310983
24.779254437275974
24.346494234734152
22.22024830853656
35.374723988022936
32.07727149023851
28.609805595787392
25.22835857397205
23.775533697484445
35.51257424976617
36.34950536882604
32.45966728815626
30.881478820542256
28.68273627482001
26.83713897805528
25.96764058856184
25.686124126837292
25.693027579587614
26.12114518280924
50.658070120329285
46.23801366656095
40.04580525992174
36.42678979817972
33.1543148469103
45.51211488476647
44.30748066518497
37.284108457074545
37.408340414441554
31.069178960741773
50.015691763201175
47.23068947658483
44.08228509594254
41.00957090166823
38.10274822443236
41.733902053959795
38.23098089510908
34.9720724554774
31.641877904809327
28.55860379065912
46.95060418137743
40.11194907999075
33.0344657139198
26.95696124167101
22.687003933110205
38.388354001648466
34.64251013362289
31.213326816164198
28.006578288314685
25.384267929330107
41.635371214441236
37.72949240037173
34.42947275069566
29.54639101204672
23.46571806374009
38.58922938661039
32.69475110174338
27.177583359649056
24.113749005308307
22.5881809395101
38.85083191701696
33.66366697337555
28.364926956541396
24.382091151815754
21.342828930518067
40.825182904775666
37.700584173326185
34.43163829344589
31.280171446810456
28.206917216299804
42.40652090667163
39.32539379684695
36.18135708921856
33.110415278808475
30.058227030067293
34.520358198888445
31.50005995732972
28.457367931906433
25.6072280122936
22.974217058997695
48.99501157195246
45.12289446000257
41.490899423358414
37.428408595957244
33.1758587754735
47.22145775635133
44.08319667598665
38.718404039954095
33.28476300699654
27.653282067176765
40.273956860907276
36.86647900305436
33.635448490452895
30.391861143590475
27.181850933219348
36.776910889803546
32.61127569933815
30.039192584224526
26.904468911992893
22.77913824561322
47.283833023867686
41.07569229182122
35.18664298597575
30.114772759753194
26.116599393776173
43.19072961380624
40.36669830255641
36.26264082374706
31.740075766948245
26.583728240457845
42.96738400877467
40.57773179007309
35.83406388545135
29.797199180382282
25.196271207810877
39.2175020012183
33.06510172933774
28.19970262108081
24.01545495435139
20.98078060272239
36.89076339315231
34.21665819366979
25.00321987837287
23.504321247598604
20.977239423477773
38.9997673390648
31.175945108652826
30.11031723692147
24.16196817080365
20.64450164875277
34.165731677320125
36.29215875317279
31.77023715914725
30.148875711852632
27.845869387379306
26.146555500676584
25.24589796756057
25.143432192790986
24.64626211388289
25.553728955985008
50.25087994924738
44.52082527025287
39.16071813419362
34.37058175633509
31.98567407543677
41.09723577703849
38.53811015326039
33.01332055869235
31.91957627627325
26.92318858401121
43.44718969291857
40.54499654010356
37.51858007562941
34.52113297331807
31.49760072518483
40.37363637704007
37.06456071168333
33.933797462624526
30.715855286123475
27.515660989564758
43.13240440447528
37.85508310840287
31.89408727989314
26.219879175386247
21.73534663451118
38.38258328439273
34.91484811377254
31.65570966593903
28.339732953362113
24.491457263123934
43.41861746478414
40.04717532897555
36.810079831659436
30.38702396045941
26.777282595017763
38.04092581293346
32.267312745199405
26.809065358007395
23.97208021815387
21.872566312176946
38.68559747400097
33.09978119947864
27.66014592501847
23.535681100415626
20.715677645756436
41.100009880886105
37.842313849168995
34.50037509875954
31.527061387191296
28.728962761835895
42.56555281734748
39.423988093423795
36.20989825201661
33.55916201965701
31.006935799113933
34.91673508396929
32.050365138070795
29.21211548798995
26.67958734967759
24.321928515643783
48.00476960274921
44.216578681097076
40.625615626507866
36.68225389814144
32.82065261166133
48.11059593963816
44.79583075258546
39.19277810261937
33.61869387067757
28.30636372272094
40.669987596142164
36.769558934282955
33.9588071498695
30.62849273727627
27.669211251753175
37.959113621744756
34.05604704686754
31.136330236209204
27.264881823452598
25.393155029999793
49.28259212105273
42.7789227395376
36.72768845827029
31.47212479530741
27.28637465030826
41.48881774650999
38.7824055094362
35.275967499382766
31.503100754664963
27.126710741922246
43.20330157183577
40.377521336878345
35.37089411302323
29.875178986016415
26.01208640048485
36.703346260792685
31.62280780460967
27.544692953520553
23.814532619145993
21.381157291865357
35.9347338113963
32.80558524108689
29.97583293349509
23.060326387785878
21.8975972661351
36.39607226790544
30.685374402874025
27.443107557280907
25.685340326624832
21.207285443799123
34.15222956523711
38.94525989001052
33.43929143192221
31.94577943237286
29.65552753834863
29.190453405803673
27.97995533527663
27.414551930887633
27.202331424751645
25.89533816279102
50.660901617528225
46.241137141786396
39.60331160417428
36.65759484303639
32.37157878818078
43.35955881923876
46.664118021278675
35.21962416401894
38.92098196969903
29.09963241980372
45.80681400284779
42.95753008455763
39.939698749782025
36.781210915636464
33.16949499082702
41.16413295583391
37.868213757358625
34.60334487845571
31.431259185092664
28.578648358995093
44.089507211106465
36.52035307083875
30.15265512887078
25.371166044566415
21.526822128713352
37.87279754674406
34.33919289615116
31.110099098851936
28.149238316774813
24.31533246299275
42.37042000267333
39.000739629795575
34.31683505564735
30.611732306010843
21.99338643385414
37.65542414678926
31.95827079439536
27.764199415333085
25.489304787972298
22.178745199343645
36.85972052823147
31.574045422557724
27.2643512964757
23.76601361072746
20.85173233807478
42.88071631356899
39.34055430105337
35.87380350575037
32.52744386852529
29.17131916714947
43.5371832529103
40.197933820944264
36.912584888914715
33.711093283612215
30.634517619516764
35.80323298251625
32.57958181032481
29.53533470818643
26.675270741982864
23.991906069057364
51.39655602345577
47.93021002787766
44.071054834505794
40.14429967270128
35.91953487893862
50.076942970013725
46.61936592808467
40.659660234007276
34.51917140730607
28.055593023171532
40.83536435229011
37.021326012143334
33.8969865775167
30.404106079933214
26.964175242421405
40.48484124485018
35.98403071756633
31.932026246496584
27.816424705879477
25.09894936822361
46.40279806062825
37.6286515234854
30.104161466872128
23.81221258619627
19.39564625167531
41.18031307729836
37.71975714404744
32.57295227480946
26.678324852751096
21.17448621191723
39.81541044340011
37.493021439891685
33.567175866962195
27.16781483265375
22.783962741713218
43.91169750228059
39.65851870012572
35.23701065809383
29.34661979379976
23.34852088180597
36.64880171619158
34.33386240949597
31.164716709966832
22.58723591213593
23.821148608612685
39.127845662271795
33.83485539404446
32.545153856813684
25.838248379076244
22.512148947301277
35.38590072172763
29.854768692907694
25.212657117276706
22.767191365355437
20.384007728587036
22.790609654429915
22.859561987356777
23.030868384112864
23.247965148916514
25.7808169906258
50.72856624405561
45.16193270205222
39.01691863958826
34.863560130483755
30.17982994039197
40.475458304697554
39.43012952560301
31.779926593102786
32.29070549180641
25.367244644894917
42.91873567744496
39.79192604725411
36.71928134537817
33.61654697069071
36.172001495834074
42.39348617755049
38.9538796344771
35.44763568816906
31.93646607923953
28.47499969291984
51.00036145779323
46.35039286465886
41.19788527666514
34.95385825400645
28.503225159510087
40.83071126496229
36.68782055707753
32.648339733618265
28.485387845324155
23.999307700756475
45.33206003668884
40.92201147699494
36.00649935889822
30.312150160132177
25.863803814062575
39.19625181053509
34.19646330845522
31.53049299519911
29.7279233002282
27.865438091214784
41.46201879851209
37.66065386570763
33.418769660588886
28.5345443588737
23.203046738292095
41.79365016005931
38.51862288123453
35.06034180545995
31.824347544121174
28.940464961182258
42.71353471204358
39.558010517310244
36.37865189053356
33.222767439412294
30.994146700759167
35.65945572589006
32.623247671686215
29.792782952106606
27.247109892592153
24.63017137290168
50.07125278623516
46.806292609068066
43.23562027958807
39.433062054814485
36.111585531509974
47.53672905271432
44.246728107490085
38.808295309788065
33.19189566648395
27.306046178478773
40.66272746030784
36.789870597561354
33.47601978707172
30.237482969836677
26.920593424799847
38.2844329112164
34.54721854728244
32.79668857844385
29.104963522975208
25.977695393612112
42.22844507172415
35.46336580074656
29.46114073297782
24.809210505462246
21.522994928010807
40.46330848722569
37.05207259481029
32.3193044184655
27.532548310513747
22.88788303335622
43.152984071472424
41.071939279137624
36.43568797021296
28.55089455098117
24.27619799541532
43.783745666424174
39.224487417935805
34.010359238991676
27.6640797850979
22.013631811031264
37.179739373295874
32.7865282263603
30.355005988153817
27.810979056995023
22.907200045820943
39.707900355315886
38.88274577087105
30.423031604669664
26.151850847594346
23.199410908604268
35.662648342391336
32.205104183773024
27.330945425710283
25.3433358865123
23.257147363007768
25.005381857655916
24.428202692636404
24.256874111149035
23.76827687093389
23.914390986949428
50.789307069594365
40.23185565536394
40.33290063374493
30.406780546390365
33.91135918702393
39.178432021777326
35.11320566940689
30.942139812349158
29.601775082148798
24.797594568063587
46.53243069415991
43.501055835939646
40.45441971635149
37.15848327576231
39.32131408995285
40.54363112927297
37.279903327558124
34.05052676507903
30.700724624308727
27.810655773469314
49.47056912855479
45.3935995894675
40.24980413341765
34.320463934301074
27.14652120801123
40.26317480393165
36.40767797206228
32.38829464847394
28.474033095407524
24.574780608046204
42.6122023456701
38.44748795201596
33.05514116371562
30.359190034374166
26.64836863917944
40.20679678001958
35.23844875316368
32.69205662985372
30.83052877126672
23.07433657959972
41.541398134296145
37.93485355446068
33.119701345479754
27.402094227458495
21.7635493549102
41.719956246847765
38.39356541702725
35.01205380521142
31.706910333419593
28.463754784739752
42.80607153178116
39.6592901240454
36.407448829872166
33.2931492182646
30.122207602546098
35.11705772404233
32.02408979752224
29.094288504817428
26.36485770546662
23.87238199172746
50.938578876776134
47.417774125948064
43.82092260429115
39.79607749269699
35.838065011478186
48.61639746086532
45.373287975001126
39.800531061149144
34.12482608015145
28.244695314929945
41.09255608008895
37.925603026529345
34.70021677148313
31.360009031390348
28.102938068919254
37.620798274206415
34.116803063655595
30.304963131745094
26.95645533125672
24.81384043991153
45.775092995249906
39.38273081118878
33.06539529141379
27.044283509936015
22.058291003348415
42.83381764386054
39.68498731604552
34.9889124981201
29.882138162691074
24.460378811058213
41.935379622917715
39.56710533554923
35.18999862822169
28.84933586229764
24.802375426174894
39.96440232435645
34.082798370394826
29.019443075946185
24.461056209230104
20.809670730309065
34.45885921825096
33.3419161315924
30.048265944560324
25.849415414420072
20.458055745747032
36.79789754290302
32.56886375886752
27.76623619978586
24.23761221018317
21.850309684181717
34.34071767926484
34.26497182808817
29.40630036902608
26.754540635395273
25.157040527664304
26.726514975906536
25.670383504608
25.122374655284684
24.946920697521083
25.464657434142268
50.74448866984321
46.242746982757694
39.995628709067596
36.591169046266934
32.80850191730795
42.324880624250056
47.4106699564864
33.952067998300166
38.4331713832192
27.72285845346953
43.696019884819606
40.58075137866278
37.60105035146131
34.39256285990753
29.43983850830837
41.18107115966546
37.92252440964348
34.57664605645182
31.331649261546467
28.135248747043114
45.19679095367418
39.57459711339378
33.06022291911854
27.431982787897084
22.536150387386936
38.75778325346215
35.112396584230304
31.47807653351911
28.029779935800402
23.830255458755435
42.83314706763263
38.98107420926064
34.65994768651867
30.131114786627112
23.618602561708645
37.85847618921124
32.55815275414244
28.35970308365441
26.74938298165174
23.098222804058288
39.51168458758961
34.41386240053498
28.928972000492863
24.370267953496057
20.81443529922813
42.4547515614292
39.03344853997016
35.63111835780343
32.278213787403814
28.996387565967602
43.1767868260285
39.898352845126844
36.668848648696816
33.520106924088346
30.44476111800959
35.89130415408195
32.84234775784755
29.902552307893075
27.141833710869307
24.547364455489173
50.32701304510709
46.98862950609641
43.300208752649034
39.465669652189604
35.49487957777685
49.21706501742884
45.80773652254059
40.01220160465303
34.075782238985255
27.725111676526232
40.736615784573715
37.61318497620095
34.054046997690726
30.4456984310556
26.92287940587821
40.70705049408575
36.23309364607483
32.54289262014246
29.150164707737826
25.422287798250977
41.49661194271551
34.01879045034195
27.448259426367663
22.058595886073753
18.067942541591023
41.1592478717328
37.95147531464345
33.397166477183895
28.128246249739504
22.252722279296936
41.338232282030425
39.23374291121934
35.068775628637106
28.455115810887644
23.856494014798137
43.608690463660615
38.98468400812979
34.27014948031666
30.253275611696925
23.85292177966514
39.345951519098215
35.091044147877945
30.530263610245658
27.854510209174332
19.252482021283154
41.25904114244419
31.01244692492064
34.7701599110571
28.262227034060533
21.9545547195545
35.39221754648829
29.413788856787267
24.31173014245981
22.986941178834456
20.183917894787754
22.787582255684313
22.775968641376206
23.243317825763107
23.496648503131034
25.933498146977414
50.85321086794888
43.73222964221967
40.3797625838405
32.781873809738244
33.35277655852755
38.75354012486304
38.40642248009298
30.168935878937212
31.773604439294147
23.874721212765323
42.03989600298105
38.90198859859223
35.415942745182036
44.78936469559595
42.233784427252196
41.713420826520995
38.41092037320437
35.05139062920817
31.600285681658065
28.22471920028208
50.6915649892605
46.26275450229955
40.9777143283075
34.80778985763636
28.899950532024565
40.97149675920767
36.943241638523226
32.99220310746438
28.99245610458675
24.8381396224903
42.95099459391345
38.6501610142208
34.81303247634207
29.4676157558048
25.055360869711762
38.87316544288434
34.25016233265831
31.78940649787568
30.493679293058893
29.19030391035939
41.685832190946144
38.04109134433615
33.981433463821816
29.06382411203332
23.692738540059125
41.22086399779141
37.97840099571394
34.72916404921497
31.533371145650236
28.37923045180446
42.52115889438326
39.41827375701783
36.205185371793064
33.07519700568764
29.995401694729917
34.93436045400284
31.939299227759168
29.013896530994494
26.370527782210885
23.79038478026566
49.80112398174918
46.32821875539521
42.473919786725304
38.35098741631752
34.20031222942583
47.858296219989185
44.683918652615716
39.295640594378185
33.844971581888764
28.116097646294975
41.049688059069084
37.480510567997555
34.42436102303414
31.11114729753512
27.74692384453713
38.25729991439794
34.552132474655636
30.84228487008029
27.121027311297134
24.18566861243226
46.07386665009962
38.94255664852379
32.208652089199695
26.33968148173565
21.87467098484529
42.44397251566742
39.50597048353356
35.147097274998785
30.468980828291464
24.716920320870273
42.82713751008476
40.361562924994644
36.06410299113279
29.61739336504423
25.40249767988484
40.34524670233118
35.939892975182715
30.02761412907041
24.75664476394122
20.686695598803595
38.092134566199825
35.34076468504952
30.01402060892511
27.11248610707644
21.30399827631054
36.74769840410609
32.280070108311065
27.577807193260963
25.180798036172295
25.38187083080817
34.545717322501915
33.41008730040767
28.28818069429419
26.1521044582288
24.17847008605682
24.769848117496483
24.455006833276805
24.32048554880984
24.20151038290376
25.07524719126081
50.68845517672226
46.26626924620456
40.09712217548276
36.50911003288936
33.63081148326199
40.678843319783795
47.07639501089815
32.385349498635875
38.49920125556121
26.17301523119155
42.14044518515961
39.062774316707845
36.01219822263728
32.74776025638279
44.50946996004036
40.90765466211557
37.6536836163615
34.53916828739091
31.294073940483113
28.17838331171826
45.09857402632819
39.76675725839612
34.20632574950207
28.345440833286556
23.04763882421711
39.1855946004779
35.557512011380915
31.936385438630708
28.545411662085897
23.434185930545848
42.74708823945279
38.917103589655866
35.06477063086527
28.200818449471203
24.351370484245656
37.04095046191813
32.38429739086002
29.05985758319226
26.637668745474215
22.5771782531001
40.3682611785232
35.281637316993645
29.575626432646548
24.638614203084074
20.5599289996061
41.2795781586525
37.99244560803197
34.652409997046725
31.457709358029483
29.06892345209071
42.53718085568488
39.394692532066024
36.135635780863794
33.22895832614827
31.52839212042465
35.242002808008635
32.41714550960931
29.717659885615852
27.088869277486623
24.629155222658166
48.22463511463585
45.16521980000344
41.48745719000988
37.64229799974297
33.85690630619291
47.90532192099026
44.65628827826572
39.14513179637358
33.577037264741165
28.136395361617236
41.57199667821337
37.646479502192065
34.49459097827028
31.188042950931745
28.142280219850015
37.961800925342864
34.441335573008324
30.79683575351413
27.164092361623933
24.546627624177173
47.600573756115026
40.39783193612678
33.70094610976072
28.06904377712502
23.861794029108886
41.80204282841828
38.930401194753216
34.4258022349061
29.59425412496973
24.83582184147049
43.28314125874943
40.946824955315094
36.38177150555494
29.747363183741435
25.59423266169865
40.229966778118296
35.06996504131556
29.21052274861269
24.415728200254343
20.599042213241496
36.8980962620804
34.49604700462848
30.0630144823035
23.628791473042558
20.041506236908724
39.76142041258849
31.36082130333646
28.475174401528097
23.367183860979633
24.30518355235079
34.665757790112075
32.55151533792847
28.138980732670625
25.95970363620356
24.79389407777155
25.534340181540543
24.966480871609175
24.759737564426523
24.635861897635998
23.986696682860593
50.74067732184969
43.96632997114438
40.17237095613349
33.94024427888799
33.21042678412903
41.36342519548655
40.04504566873693
33.1367876799587
33.48054999889284
26.93481590295045
42.12260850099756
38.609877623532
40.86766092602986
46.79312708170131
44.59688201553702
40.74673755475559
37.542260314904695
34.242845879167604
31.090724023939316
28.66483090348533
44.79659527546218
39.136361568736085
33.34411843793849
27.792167775069817
22.730430503560214
38.74250388977554
35.00665495382871
31.558319471951833
28.164460013659752
23.843148704880115
42.371746492973806
37.57774511727532
33.874161511557006
32.016948916016176
26.55314658055707
38.77025396266149
34.60186410572606
29.318261216506222
24.510937149654602
21.433994626440658
39.63858652335888
34.92588983011003
29.18621307261632
24.208219700177402
20.341919445958595
41.868079299000684
38.50318638283612
35.11930440712051
31.92260626732439
28.950264265794694
42.91630610985224
39.75534579823042
36.51757794112733
33.42799623930412
30.853747138943678
35.31953873076688
32.26539938528846
29.488178376257004
26.793309148666115
24.29205841259148
50.978651456446485
47.97971221691813
44.27964948668265
40.44392680190409
36.391225874135024
48.82980836775055
45.559095828466354
39.830136408617484
33.92158868076689
27.82188192264268
40.25355070587174
37.00462714888734
33.68194720529494
30.398510775776412
27.4155212069666
39.13986696885415
34.69448513397522
31.457141311642786
27.942862281975742
25.73190997777462
45.186513062690395
37.98589021038252
31.546016583569376
26.293906434586493
22.51423320819469
40.95121145790869
37.670271155314275
33.14048916907686
28.294424305301618
23.580449413177682
42.07066417445536
39.76813564626021
35.32100512789129
28.648942885740055
24.354803029021053
42.606415406739515
38.27229811786462
33.30991439044725
26.628180955543495
21.617796724220916
38.888280882753065
33.145740869430654
30.604338895006414
26.23049285349338
22.542766251128356
33.097235741798436
35.55933273967035
27.078726157185066
24.87077749981136
22.43724241677789
35.71114697219392
31.209112198633143
27.189942604690653
24.80874335998301
23.257750082837106
25.445387269621044
25.084765461216378
24.75719686492608
24.57387909741196
28.63286278336831
50.72269698124592
46.28710674323269
38.67812498648442
36.62457073611668
29.847980860096136
41.490199582578526
46.51322060308871
33.134725493641184
36.86464660885742
26.916359250227128
42.550102137951534
39.72252960449084
36.52902524591794
29.148273713078744
44.71772052183199
41.81745221402391
38.336029902891426
34.87928399365792
31.51804513538528
28.41645796220646
49.38556123893915
44.56442942730429
39.0520690551505
32.471482660031945
25.740544914057978
39.85393400761861
36.067177453247446
32.02775665563904
28.297991770520973
24.425231006525113
43.656891834377305
39.737977412706144
34.25596362333499
29.78193487506578
25.724443484531125
39.325578224392956
34.59339781716208
32.0588993934832
29.26139726702839
24.100469102050827
41.11633608188132
37.14251611177376
32.346865666202554
26.45906376331609
21.306977654528453
41.09588092448799
37.82642262574184
34.50646241282235
31.31058020683758
28.59621679774949
42.49661580189216
39.30649531550122
36.150185977133155
33.12555451754565
30.677423648338525
34.94779157289163
32.00387069839846
29.240625016544595
26.518046773455303
24.110518282768272
49.41253167988046
46.185722729950875
42.41359412134106
38.36269787237662
34.34939907972573
47.462873341994865
44.25720348435079
38.76172628006391
33.246749492075224
27.770366410212958
39.99261051872768
36.39934091868396
33.1686064842446
30.07071353223118
26.77874690364853
37.3704271374143
33.713568292967146
29.914101597496035
28.080269555849334
24.433023454649323
42.04379297813172
36.32105672464145
31.090430907821958
26.685430078233033
23.050353740374
40.75360994751889
38.071614073403865
34.27582480843819
30.482998973138255
26.01303682545734
43.69738221710896
41.09299767869026
35.815895734172464
29.641672202315274
26.42283812627025
39.51815413604506
34.303927630430074
28.637066551328143
24.469853058548235
21.12309090428127
37.17773231771609
33.54693113494724
30.771415145093897
23.412485319453225
22.547739155884532
34.769847200936326
34.681594186893335
29.10123035699021
25.127199588650182
31.041312211931277
35.0746090680449
34.809386581094834
29.733554483973048
27.88074073454237
25.370452086358522
24.507642480683927
24.247398124637538
24.192090833004013
23.83438667582356
27.088216180784826
50.763293332225004
42.4637603827556
40.397608480392755
32.30408785693502
34.27911763551708
40.08482923724729
39.66840997699025
32.00591284550639
33.456826165081715
25.917005647480295
44.57981941380368
41.47208385806614
38.408989157542656
35.18630564118365
40.145285606861016
40.555327657968746
37.27205945268204
34.04953756142573
30.880184446376976
27.977864389638842
45.192806209665186
39.023124070367146
32.97125044536792
27.16578601805805
22.449788107344006
38.41322441988862
34.70191437745153
31.367626826062974
28.118679189817183
24.08160377070821
42.32946743890365
39.111854061217784
35.0932848011428
27.88753224275262
24.786717302680273
38.338927448197865
33.57947608073315
29.757138354402294
26.330753357311636
23.048675686350908
38.85026783069
34.20064782934196
28.85159215252104
23.953098677956447
20.72422231794732
42.45737725095995
39.01907564650714
35.62829973617768
32.74973632027053
30.295107491019095
43.05310235468444
39.82705834201796
36.78593329487947
34.48986521202912
33.01747960424811
36.35548303253139
33.48068941232886
30.638963582181166
27.936282677106053
25.12013005621547
49.95875872434618
47.19618682989392
43.611214873534934
40.077252679696244
36.10262022062968
49.29343352134204
45.880306995247395
40.1139123510176
34.25124571813694
29.141367699775827
41.25914623781839
37.71048244307763
34.57952041400867
31.72634796050934
29.13461148685345
41.51379257249915
37.80973560822827
34.186758255115926
30.580589357038296
26.271726423623825
43.62785775049298
35.70892011278567
29.068192503024193
23.939547992750168
20.51691872262667
39.7377424138659
36.1780025607571
31.27487640954722
26.23586135133872
21.449581662632884
42.17785980256292
40.2669691882319
35.8781850472024
28.16407153929303
23.65072586133217
45.62212102662752
42.8850497126711
38.38760495909912
32.39011344380011
24.911607213636863
40.061226576134324
34.238561806483695
25.275285798278013
29.02953211655745
25.206917506338552
44.88260011400614
40.387122382903556
31.283596563254772
28.704643401173293
23.027579158805906
35.53304485864929
28.849319778820522
24.31944287928229
23.01140999149534
21.079131491042755
26.278590747747515
25.714857754150092
25.596706373931582
24.916484089883298
26.166694300266915
50.855856514708854
44.198481510266376
40.32771095990162
34.02151704913075
33.755423111032215
41.138690584716144
38.72618416218032
32.76334823083989
32.339451401761224
26.41445361916036
47.8882324412374
44.786904680800895
41.78360081952082
37.42463641006666
42.26193495474571
41.986336757348454
38.44678803689113
35.207109259705064
32.17982625114082
29.367884748328635
52.332112674478836
48.80187141006321
44.48779944728679
39.439055823185605
33.268025166206996
41.57707979106056
37.71014302609131
33.83194475690357
29.651010842792857
25.493855038618758
43.59449914522003
39.416817582579505
34.334102968928825
30.300635138305342
24.800605109643445
41.627870373553094
36.938083057866116
35.034609397252524
34.03170175560714
32.13653307547241
41.75192479431288
38.91750579904588
34.94125758234043
30.455806272355332
24.726338585913425
42.54020524313695
38.95893556133268
35.385923566220924
32.01989089406667
28.74021546660709
43.37975154361202
40.158288271008715
36.81874025231836
33.6071681233933
30.44924980693061
35.338181073806226
32.11371593160245
28.900499501381553
25.935212350088385
23.201290716042596
52.552073514642274
49.210343044004965
45.225908325604784
41.030271437792905
36.66503110996723
49.77495291465719
46.35665570417822
40.4753748422211
34.51650161253453
28.298507573045825
41.127235774414466
37.01264538499507
34.202346157152526
30.89203527134126
27.247385832475985
40.74929088460234
36.37327226730619
31.665222766678163
27.457915783688996
23.73693347871512
47.10349884656882
39.09268938646457
31.876380576824978
25.94114419240106
21.783185707996427
40.599756491030874
37.139421854176014
32.35505191565029
27.50671552628541
22.832638320403053
38.98244441109789
36.17515848038798
32.14822362404781
26.64835596416705
23.017071216003586
43.8202908896277
38.54719236525769
32.994404129866446
26.833183918403385
21.898226384457182
40.51419788924165
32.97205133413809
28.184401486046944
27.526316497812367
21.7524196292647
34.163457545189374
37.98910532759739
28.787635643581943
26.37014812725485
22.574979597497958
34.66281444168188
30.70711324518465
26.064999292014942
23.84585197534157
21.939001495644078
25.269206752876627
24.960034952411636
24.794589865584243
24.70992625805301
26.156767532228212
50.76582899716395
46.225165493462406
40.09151953901628
36.34855972704909
32.769843193007894
40.449884364713824
45.46278268599898
32.11854734357631
36.34654215480433
25.874945813363407
43.901666898464256
40.90075633583058
37.842430680002174
34.82104673797139
31.750114481781896
41.87893333111554
38.45710264008756
34.907311180332094
31.5318570342305
28.149644715607458
51.30025533297949
46.249076913820346
40.1795760049222
33.00611847111466
25.89718480700317
40.61574800096896
36.28567104500946
32.19043703233658
28.216002220723784
24.175377680363923
45.132976382319534
40.56350229432725
37.10054990384855
30.215886323560465
26.503843795367924
39.5691810315912
33.639941856680515
29.89510293855146
27.937497917105993
23.446013915928216
42.8228673438947
37.838712550714746
32.4803642803229
26.835479744255153
21.487197908006355
41.222025354755736
37.894268850484494
34.636663066792465
31.435813210946396
28.42377745085146
42.5758018627004
39.4627421199344
36.30685849532331
33.25637463968328
30.45229497856824
34.90039160638297
31.986859411720555
29.076933006812485
26.39083160615018
23.841184655294946
47.81181915798244
44.35709433670526
40.50984669578561
36.549502680269384
32.69668606677208
47.31434318002209
44.01351973214287
38.196121135970955
32.448085323442484
26.507655283488816
38.934801472090264
35.487738851818214
32.107732398830755
28.904122613376806
25.98820028875585
37.33167774524304
33.277794610872306
31.185295928796553
27.333057479300138
23.00009258797108
44.93960366593391
39.01766378320057
33.35149535058201
28.390499479842394
24.2932993111842
41.861110075121374
39.07468072917077
34.95798891164961
30.525509985746126
25.320963211703955
42.21666094997725
39.65739924174271
35.358706182092945
29.68783642677291
25.745045016549945
39.85944895691467
33.78815933188577
28.616427930032163
24.18045402783425
20.828047806835322
36.02183391917569
30.91852112114106
30.6540344115624
23.21219567698386
20.30825007754406
39.5208770904276
32.27492070954127
28.380207323586838
23.862250003514585
21.28180903245981
34.48322629302532
35.48056616792642
30.487848990958742
29.055793412146723
26.88659949899308
24.917569047215125
24.42207353913762
23.85815878564824
23.7955700960637
24.763203130779136
50.41889298696789
41.887703102049166
37.09824508346361
32.110151482125474
28.96199102103781
37.95201398951118
35.69160808631856
29.761904449672627
29.75464508158453
23.73028354509753
42.875024969435344
39.86023269473242
36.809072657584075
33.74760872575658
32.52811896345504
40.440752962685195
37.27311607201156
33.99890932959044
30.629415787905955
27.349990995402173
45.53585488943587
39.58992625199829
33.41172492283212
27.03296144194175
22.151307902874752
38.430108986051586
34.63729525817951
31.02089266719384
27.714446634433934
24.68880105377493
43.191343648834184
39.41253465013099
35.26852901644453
30.908618377089713
26.292796364407284
38.411937065204725
33.38184486415875
29.248985857557642
26.423614587664016
24.241447176661005
39.53366341271555
34.01623493756756
28.614711956519862
24.062179195195178
20.625778149926013
40.983955762224596
37.74591207634267
34.44163717894002
31.593757144066647
28.829406724198122
42.33501514097757
39.28924870602707
36.039661571659664
33.49623876413745
31.280419180003328
35.07032028090804
32.28443067186597
29.509266656356136
27.06215480233864
24.512439588744897
49.834328456085515
46.796766764768336
43.18947577494854
39.44799076132627
35.68541163583117
47.66376179645168
44.465942062877204
38.99860781492541
33.48310078724809
28.41469909247578
41.420093565883526
37.47032756084006
34.60474132666147
31.326906551754433
28.354994615320276
37.263463450138325
34.080313705761775
30.5354244576089
26.86560346367889
24.961471871854123
46.1150882972499
39.67403017448446
34.00719442445271
29.689034780812364
26.558410443467608
41.28151607616239
38.28864306035732
34.39982422025021
30.441279549889213
26.57670000489042
45.35541808098592
42.75172368096144
36.93469803487973
30.053118595235702
26.185485192035642
40.138606039827806
34.784559338064525
28.614100725093195
24.415588055479446
21.97287045046181
37.748351351128626
35.64055942560704
31.31092352081899
24.700593105968323
23.08471260337825
35.08214870188533
31.59125074768381
30.579299693462193
24.85925082077926
26.96621194813764
35.39110264800682
36.46275237049304
32.41579296875076
30.131680816355267
28.409661328913835
28.924564076174512
27.157169821240434
26.14531680808995
25.468420538297938
27.74581056865219
50.73517849312082
45.06068390189832
40.3805152538802
34.89907867122053
34.195481582975084
42.2542143886225
41.95006045872462
34.2362830187145
34.810604813482406
28.154032316360006
42.87729228689304
39.75626769643641
33.57397142294795
44.68412753825093
41.14102971743542
40.58014781280364
37.3390015268772
34.19101410275931
31.342011287596954
28.5373607483665
45.817987225227135
40.28081112640731
33.78467020939957
27.38467427209958
22.482839202908117
38.78048222060486
35.18272316136197
31.702237026597547
28.772941281171086
23.898857812113143
42.227824045865745
39.44218041735722
35.73652949765823
30.523672270850383
25.034618415219263
40.19407817956989
32.87408692896763
26.68904444781941
24.447968963944998
21.540585637354074
39.556227620200495
33.9255560572315
28.652983310184386
24.438784186793914
21.067723937660702
41.374047417719105
38.14938772495354
35.09240687685462
32.63840138351084
30.216021251558843
42.50988699009834
39.49764309150591
36.71329899393798
34.98971311407064
33.49773767705911
35.70981210715698
33.08156363414985
30.369623600406037
27.86522214115727
25.15125055425793
49.937861248706554
46.964933449557165
43.153372001795844
39.17078750671915
35.23237782662196
48.03955370273707
44.86069756673313
39.298472071311174
33.45006261666893
28.60369891521167
40.07066874019182
36.248271083538505
33.36144888885224
31.104388162501376
28.37915682076247
38.73465732630419
34.16506054481366
30.64807349146832
28.251704721918603
25.40087191257094
47.76660493877149
40.80475850980679
34.05225173552311
28.397859259948383
24.287273894011705
41.410601732886896
38.533031861995646
34.43504987513823
29.566558633369404
24.628903412568995
44.35384110626799
42.037453206840915
36.89678932815333
29.994378598628998
25.68783316206243
40.90588052704344
35.73098505704612
29.08786496404318
24.225772405030522
20.835495887805358
38.48694768485513
34.17686426978453
29.051203060541297
23.415027415648755
20.518306297714396
38.70535905160569
36.768650227974064
28.169023729750215
23.275230690185737
22.90267445743808
35.06293773722667
32.76007797331459
28.629168610809877
27.824930687223
24.69736021199966
26.619913855969433
25.59680102188526
25.135134957231976
24.65690486003229
28.246747773807922
50.79010497189171
46.29694050317492
37.72024935877568
36.74909596893171
28.391040010962236
40.38045080849212
46.978471211710094
32.22836975998053
36.54242413010309
26.083324199389295
43.26286631447749
37.45544227577558
47.64496163648471
45.80228385793995
45.58635963079457
41.19113903608443
37.854154116196185
34.944431435626
32.282949744822254
29.986088246446087
45.646963923956434
40.2059683263946
34.479239174269594
28.230855482019628
22.815590899534115
38.71066389258075
34.91284426520582
31.232013123256614
27.933746323351304
24.55877562954333
41.6867685728948
38.37635606901217
32.055373571467996
29.156066175846753
24.269880827289896
39.826959479820516
36.42555444770315
30.75500355077245
26.59105328434173
22.34871689865873
39.34073841864561
35.270897015811066
29.439583662912426
24.230672078975985
20.580533759087423
42.29226813909474
38.77726943051706
35.26696874782892
32.027574144274844
28.667939826224732
43.217159320075
39.95771265224609
36.66967968867966
33.54475265503276
30.4319229050813
35.36763195260184
32.2680750817961
29.243583979307516
26.568434634485868
24.110727298534712
50.24372706101414
46.70014248103193
42.898760207143866
38.88127340184721
34.79881863533124
49.531570713194604
46.04039161238289
40.12465208369916
34.160295019056704
28.085615982930015
40.471752129671074
36.5118351274178
33.34703674484674
30.146230210859663
26.803758450457234
40.563417005059186
35.691810706275106
31.04638509890137
28.423169181649918
24.670697853883414
48.52118477754007
39.928779400794184
32.451790942723406
26.227193505802543
21.995257560388243
40.538506173104885
37.004223155734664
32.0002971834849
27.046721217476538
22.860527888336343
40.50112369264238
38.329472474157924
34.13908758867627
27.87408812987337
24.002381767201474
42.926873265348384
38.78028972575866
33.14393631027923
26.651281283152606
21.452618052449157
36.65525303493786
29.42864399816493
29.95739189071657
28.012530969647425
19.466734690092526
34.39653473317169
32.921216929722355
32.991723986474845
25.949045813823084
23.01430943792181
35.1923769741703
31.316811805841706
26.476669156709306
24.740399920412244
22.45771711525157
24.10234396368925
23.96721809368852
24.345512264677623
24.10617265616804
25.156317965011112
50.820762367836764
45.29255448476927
39.74072484661441
35.42505764821819
30.902620407627435
42.61546236381999
40.5270329095569
34.00824016209721
33.97206819886534
27.687810027077386
44.38706116364004
41.26085844093295
38.23189468718305
35.143478257965526
31.878730361406955
42.022117600903556
38.44405315016673
34.910055372734384
31.471020052171976
28.108845700484434
49.70244992923799
44.72012819512205
39.066062503422685
32.521888323371094
25.812146875770186
39.894093000682396
35.76650197812114
31.781070033701845
27.74904923908452
23.748724964203426
43.771152934666176
39.22304388766306
33.72453016404154
28.72030037440028
25.296900000689124
38.952515673497466
34.025657372477994
31.551872526200437
29.266470287858105
25.859779762959985
40.935771431813784
37.0543891617283
32.35547314513384
26.85549152097716
21.207746595887084
41.81948735726878
38.498193987733174
35.11199426871508
31.88924587314993
28.807842904004875
42.7646700155411
39.58849638532646
36.41479714666344
33.31586054229924
30.517383231575597
35.44106712188435
32.476522315335316
29.626458772585696
27.022770499718337
24.46132049638578
50.60496441107273
46.25226098566582
42.546436497777826
39.4875007819235
34.36458828665964
48.71025983878973
45.37868958742459
39.75584181588854
34.07100153208178
28.073179789087416
41.22175482676618
37.812724325929935
34.410800712131014
31.254327331902857
27.886140503217973
39.343943529180294
35.0191800636058
31.34562457537111
27.8535690676286
25.335323724454362
42.16616777140614
34.974879036061616
28.40694924606766
22.97234219027485
19.247189583276988
41.54502870788927
38.48589317192125
34.360330757624006
29.736068557556933
24.52381602023668
42.513371724120866
40.33859865119078
35.97526879609343
29.322375641113787
24.89043639710332
41.61818457339257
37.51920741550039
33.25522660223521
27.46472086861486
21.89256407993713
38.654456132285524
33.50454252399158
31.11619024537456
22.243209907953805
24.831081732624952
40.1326597006069
35.180485345651924
31.18011330509242
26.98068651784373
21.571462774335217
35.577201029637735
31.877247559644758
27.79565701497789
25.64159532282072
23.62885623720787
24.265975767909794
24.269521727234885
24.52510467629914
24.276475475330244
25.260839940700173
50.778167859747924
45.63865723382287
40.20802123371864
35.06004869472673
33.36357459532561
40.21707538075296
43.03252488946264
31.743096506121887
34.53816263982415
25.469575615495657
45.5060056145751
42.42508418482524
39.409906278824366
36.17046660348133
39.85433803419313
41.5900668028458
38.215488032509285
34.94953674285923
31.560800957681284
28.51864273734691
48.19893990981187
42.79376041978338
36.964886491554914
30.70060100429377
24.93705931003673
39.95380254771505
36.14494659552611
32.181407134843056
28.555678530320773
24.52188666859389
42.70334489413851
38.36183119255443
34.70027640567007
31.112948523336932
24.51039849962738
37.87297851366632
33.50128189127388
31.330776293095287
29.84761099291918
27.226162317217533
40.43687591351628
36.16421701456174
31.357467312596647
26.494474085818567
22.113342699640988
41.753864007430145
38.573509470273386
35.45017007714592
32.28136247080813
29.358090203133713
42.84941914901837
39.81305691669109
36.70890748357987
33.72903067754113
31.02139018437178
36.12908234351125
33.15443600159074
30.32971390905208
27.708844168306182
25.143494241665824
48.784596006000605
45.29070730325793
41.45424675545194
37.427367762685016
33.34277520227569
45.94812153101365
42.90133110602544
37.688089586403876
32.206768140348814
26.04907312096197
37.6068420711451
34.22617150802989
30.912821020126376
27.484038394408454
24.322947687030204
36.69334794197019
33.070112604975705
31.866215828275468
28.828665469109662
23.847206996808843
41.528203105039736
35.703184993663086
30.146902745238084
25.392420433416664
21.566292762826635
42.35017487437956
39.46843910074613
34.951296934551806
29.563373403737078
23.64524476334485
43.430571071344836
41.204468579432984
37.01252062274047
30.768283332296306
26.610889886987927
40.5568102956343
36.53332230941507
30.084659029559084
24.97891828186521
20.94641000562193
37.125577204515466
34.276668974407144
31.181337611380723
24.464605919986234
20.675794803709312
36.742548814903536
32.91983763323796
34.99732056073129
24.888274130689876
20.34591703065935
34.93464848034244
31.774774250328043
27.372515525300614
25.817785387123735
23.65484346246657
22.537367082645147
22.603245619539653
22.966783748042793
23.148219062400962
23.217187006066634
50.64944037066462
37.37336370345494
39.78068538226872
27.98697798103502
31.606305819941586
35.79643995743458
35.47699968940938
27.617911302617063
29.051574540875787
21.540010143683084
44.22555004655628
41.15677382343299
38.13123831723634
34.89546716358915
42.040542884853444
40.1273598575365
37.065541720816
33.96223461080705
30.834746131174594
27.90357854644902
45.290227583526104
40.41769224931275
35.298503888823895
29.200413337092787
23.326588824292514
38.96737742151571
35.20981824461148
31.774998126113307
28.35800796293548
25.26314133042835
41.03587256999837
38.42915720004561
34.620286322988676
32.49702599343399
27.673839099393906
38.134972980190575
33.66135572840247
30.517304749031435
27.98376645107005
23.547718601202764
40.78069388340282
36.1066089134213
30.391505080915913
24.969689322565692
20.922231733060286
41.53267211318632
38.2432221624252
34.91729385760759
31.659112403511976
28.479693801275406
42.67728949603263
39.52232753176562
36.29355666948168
33.14694216837637
30.039712252215676
35.11879695994455
32.0250980248473
29.15935576263869
26.395009471506285
23.784768247145323
50.54112145463482
47.22414456813378
43.68345460766513
39.87362671102921
36.08527520371129
47.93436617977815
44.70896700291992
39.23862567795706
33.70548394052253
27.917740892244446
41.411085904787505
38.053787278821815
34.92183811945259
31.30694964879065
28.032121977548485
38.778772722739454
34.59544321825785
31.803920039346533
28.54264438191878
25.51819699544117
44.88978462792562
37.537550397431325
30.96443094905033
25.66263859890661
21.83940122159113
41.361885212921614
38.14069633073374
33.44742032700265
28.11848686652194
23.21474312477827
42.44965658059448
40.258933770735325
36.05038785147283
29.056995047128083
24.155358404442183
42.90403151644438
39.126469237398275
33.843766231048306
26.937229892645377
21.601967249315052
31.26402990738439
33.4004086960448
31.100538261390763
27.93647655245642
19.170634559827942
39.32797004065131
32.070557462884736
29.403150562242075
24.117269138277738
23.964957731415456
35.6193880602094
31.39327363110375
26.797432790919935
24.401145186578805
22.315787872896685
24.74311541385305
24.357311958125255
24.271751822743376
23.957581946377093
25.192128047639596
50.82199565052535
43.34694491793072
40.387980781719
33.37101725192197
33.75687776256037
41.478158185359256
38.58848866102704
33.16894761591214
32.600325827144246
26.90014703257991
41.73922880357292
38.721937762936435
35.67987165628537
30.764439304455585
42.97018611732981
40.8646561510285
37.62495509753015
34.445270562593585
31.21467332982514
28.053556278562578
48.43395136665812
44.23832743372582
39.453710379853256
33.37670950120489
26.42807296863684
40.21087662211528
36.63813548609645
32.73319708559739
28.85825242765393
24.736069734702856
42.04793648858487
38.51659016188546
35.29874497111727
31.576580714739592
28.781259452216684
39.41409147580127
34.44110652531595
31.23498763954782
29.074127019765555
23.946915433622685
41.70401660124518
37.99407894771868
32.665039003063924
26.69166699474802
21.482141102981018
41.771467187151345
38.30863880300443
34.886584469139144
31.57301172790003
28.322797033293163
42.939365003054235
39.70997433535346
36.385871353990865
33.20319729905955
30.04928367945347
35.065312219708034
31.995729763180684
29.0076744343779
26.33844800774301
23.81784369493132
50.78135021664031
47.45315584400497
43.47669819903168
39.433874798332965
35.40261908859615
48.77696015540788
45.3279337909633
39.52283753713108
33.751439243210285
27.900670865058053
41.06326006492818
37.455672460535176
34.16404334971916
30.879863706243267
27.54539801805237
39.09144931100416
34.721671132994324
31.681035821559355
28.41942660636867
25.02831090509939
44.753305620744555
38.06750979226987
31.906095720624773
26.828012105749735
23.19007362028961
40.712180223065346
37.27888711845249
32.838997946497315
28.74807370034204
24.605938484373432
40.63747279936524
38.544237881055516
34.305438472636716
28.313934647591488
24.793777482615212
41.86289275690038
36.99437100042652
31.301800917289704
25.619829971830356
21.264232478217924
36.399621516277776
33.855491323424694
31.552132839093833
28.004763163651
20.821524419177358
40.22340636642481
33.58909829192387
30.16343339020011
25.916860030667543
23.546347032217394
35.03037463092463
33.33790573861789
29.15632629292616
26.365172021505007
24.53474384696573
25.970725590599677
25.52057337283624
25.071896429309707
25.146131443934294
26.04005634154525
50.82229705543179
43.933902727167116
40.388881289410854
33.86744903303756
34.124307543977785
40.99463657733155
39.034788271158476
32.75985501946545
32.340747903929
26.59345853245352
44.52524549895821
41.532443905114675
38.48702265241422
35.47364680920555
29.149521034737752
41.166203969880996
37.7329447871717
34.468957836671535
31.12884391436374
27.92762673516468
48.979847986807016
44.040473395110865
37.6131708507271
30.631875803609088
24.310157600909715
39.360485562347165
35.45035671136918
31.65922353123985
28.084755303077763
24.36171322512582
42.65795360666944
39.05667143957685
35.34629825410206
31.080892733008834
25.528437887622104
39.00451858665855
33.90982224512673
30.34703059550168
27.58784222622028
22.794657333983956
40.46169621230676
36.038179305696964
30.879321356271717
25.55764396907227
21.08025491722527
41.08265523879638
37.79634460824218
34.5242963291995
31.402211589976496
28.20053612370478
42.57508670727344
39.409065465071265
36.18023073902797
33.10326884883358
30.016387862324834
34.62866976845817
31.52960609485551
28.465342481176567
25.53609372962283
22.849444608088977
49.90617717031343
46.16514112828109
42.03153254424131
37.73582994554528
33.76302151386626
47.712110187341345
44.432988426747706
38.91329327846652
33.384998626740796
27.645241321552433
40.30699437825638
36.975185500673874
33.769566052268495
30.46446663288805
27.17397277967553
36.96431172123735
32.744547201865934
29.47956372531187
25.972015011110887
23.088146442020655
46.09188129751128
39.76630565621026
33.59036878166382
28.19993545720759
24.269807614618873
42.66796197135413
39.79659474304009
35.62258881835224
31.246734500192666
25.729601610540055
42.88475353208518
40.058589647032704
35.465848730814656
29.54918338982527
25.095088867389073
38.61038352951416
33.20701599995465
28.641180909110364
24.799248396176967
21.3762037856442
35.29450547270566
32.04354099192293
27.948297917758147
23.836906068104344
20.71308649219833
39.15354686702858
32.466759898094935
29.655755403083774
23.450101202172178
23.165050512645866
35.727249604840324
34.520724835995274
31.566035161684667
28.52946641212439
26.358644302581986
23.956189140174846
23.76059500271101
23.60171279481434
23.65057054444165
24.36291253696275
50.12625701948175
43.95527723149342
39.62624817694156
33.69062288089318
33.42293876430845
39.665988535169646
38.381121327777315
31.574786956290648
31.77579127568166
25.466733646368663
43.30086663377455
40.2695098960266
37.28002787473092
34.260565377958855
31.244293392870254
40.65956257109177
37.327357802686215
34.04912735467567
30.799304424717853
27.60436854178758
42.581000492078864
36.70555298315407
31.16912569331703
26.4864177024348
22.359636570448096
38.01248109292517
34.805887774444074
31.52293326504829
28.325113246767543
24.325655310035078
43.06813984773516
39.32216505223765
35.55604555564705
32.25086419487741
27.960239649477685
37.301250724975496
31.860824192419194
28.157899088012016
25.25195933693624
22.7443385585965
38.638560110356195
33.86089846104796
28.660620603750896
24.15366371329103
21.18516362691107
41.80817554255542
38.43165432324143
35.00415388206536
32.05349959154954
29.653967523920816
42.78130129818387
39.599956782874806
36.35928153616658
33.93985889425277
32.514995396490704
35.65330648973697
32.82375813110606
30.11461120850609
27.589516198811076
25.016088452009726
48.47095276420387
45.117169009763806
41.421847113905145
37.63997112338187
34.012036525410366
48.67783283963493
45.37501727536963
39.7260465849341
34.031352092197956
29.126906196950756
41.606678108631044
37.84785404269152
34.78305205796435
31.38513778043587
28.528278860295213
38.559930552531945
34.57953562530173
31.127092875541006
28.467055469361643
24.204555700195893
46.38234629164352
38.7767374788075
32.14203741528191
26.77514140811018
22.9748847667533
41.42694754375306
38.127944214428794
33.32002875536995
28.56810147137001
24.134689591232444
41.544471157756824
39.50399255694193
35.21915258409448
28.8847467851415
25.033436612845183
42.06844159532032
37.43448608282598
32.16847905550327
26.041602865235845
21.383700279953292
33.99581147040481
33.902675438508744
31.908428656787457
28.191712894040236
20.43951956344995
33.62016826555556
29.79541361772888
27.47083209937277
24.579516498494183
22.673058592301977
35.07036060479373
32.22134328317894
27.95287930063779
25.83415396706109
23.894645351034942
28.987295469715434
27.245221301905715
26.360487570516703
25.67593311899639
28.719530065495476
50.810020699733755
44.89314929140649
40.41735085915829
34.99691573687715
34.37290242350975
43.25781814041666
40.98822807268444
34.939922997269036
34.49025670725953
28.649995674985234
44.797670697883724
41.7649243632362
36.13780182697621
45.154273166672084
42.89949240291192
41.41014792240088
38.07174318560091
34.690015338553074
31.729330481564972
29.201292114821612
48.05390029185071
42.94488501845987
37.46325162844969
30.998878760628564
24.94732067270452
39.49752408297097
35.64764656974715
31.761822622519094
28.281783072452722
24.82180968040405
43.15307179129901
39.264254618039146
33.55049906177599
28.548893089598792
25.18986746723415
39.45433210128852
35.40733911471582
33.23606095341176
31.17984194173986
23.796175238732143
40.23574014683337
36.2748138973547
31.863996704355053
25.91900279551269
21.04435424915744
42.17462966876583
39.083787432415924
35.791445766809375
32.584187763992915
29.316790098645367
43.27143174127134
40.255063125304915
37.04598178830973
33.93946039550074
30.73372192490514
35.965643789155095
32.89808944659248
29.683145525064255
26.737932227685466
23.809568531667257
46.697138198095054
43.11557385805906
39.51145633545621
35.639794341962386
31.580147833687306
47.28964878853064
44.414872019488854
39.19466068057985
33.34194190854764
27.13841296592907
40.30725594231085
37.00760574562934
33.62266394729646
30.144942157450263
26.628711419168518
35.453571545350975
32.34307615326876
29.354170071055613
26.604674532531043
23.312150176034443
33.73473340823559
26.663246094643675
21.577296046661452
17.947941850557232
15.700515268004413
45.02225414421648
41.451204339673325
36.284940963476444
29.627150481830586
22.816943322262276
34.128124957031744
33.161382997342905
30.58474128206236
26.954334594030243
22.94099020945235
44.9021051433141
42.0134763996528
37.44781381956868
34.02551034265616
29.68060983722802
33.158847749180126
32.20418002847733
29.93022569946456
26.915655577912915
24.966574278585863
37.12671905269791
38.46343677819498
30.103518359671106
33.31908832554522
26.983043947699933
34.85615940213338
26.578594866578197
25.711188860047763
24.59550154573231
22.908659272399706
21.683817144955093
22.078182283160498
21.96144464662915
22.463046449365915
23.901070033656552
43.985454887587316
41.721894787347466
33.44754144680676
31.67051202642594
26.885467955220996
38.81608338352716
33.999419171897735
30.09493478526458
28.137181111594344
23.68913285984986
42.82924665199577
39.718988992671235
36.55851289200866
33.44372879154151
30.43192346875273
41.376479222954586
38.20975061337996
34.963972594376386
31.694795481045844
28.413368950598638
48.18424366092452
44.57109862977368
41.12198903151953
37.97508463214808
33.90755233787577
41.09812922159129
37.68156837620292
38.60368773840793
30.46837334682848
26.9075113022275
43.446404391525455
40.685747179355694
36.07266008241598
32.44145937642556
27.804105632695073
42.31610845199066
36.7783339257533
33.34510272240917
31.06301869186673
29.09286529683022
42.95317749171397
41.126509887961795
37.383804594479926
31.683799527655566
25.614033201873376