37.8030
34.8449
31.7643
28.8182
25.8261
43.5660
40.7432
37.7701
34.7968
31.7957
33.0023
29.8991
26.9068
23.8505
20.8886
42.6954
39.7169
36.6665
33.8749
30.6501
42.2410
39.3453
34.4088
29.3799
24.1260
38.1919
34.6287
31.7757
28.7655
25.5015
36.2627
32.1631
29.9208
26.0795
22.5177
34.6112
29.4013
24.4910
20.5660
17.7454
35.3086
31.8145
27.1423
22.8876
18.6703
41.1225
36.5612
30.0807
23.6901
20.1713
36.9729
32.7072
28.3218
22.9223
18.1425
32.3341
30.7445
26.3517
23.4562
20.8516
34.6914
26.8351
23.6809
21.9934
21.6696
31.2164
28.1091
24.1717
22.3044
20.2385
22.8445
22.0727
21.7762
21.2344
22.4526
29.7500
25.3211
19.3180
15.7782
13.3890
33.0561
27.0650
25.1067
20.2897
19.0881
100.0000
100.0000
100.0000
100.0000
100.0000
37.3701
34.4148
31.4186
28.3861
25.4102
41.0211
37.3909
33.3092
28.2220
22.3750
34.4883
31.0402
27.5703
24.1469
21.0387
37.2162
33.3090
27.6781
25.9783
20.5275
41.8316
36.7470
33.4505
28.9039
19.5042
35.8005
31.6150
27.0771
22.2166
18.0136
37.8497
34.8100
31.8326
28.8176
25.9013
43.6114
40.7830
37.8290
34.8383
31.8147
32.9588
30.0106
26.9517
23.8464
21.0074
43.0933
40.0725
36.9232
33.5619
29.9838
42.2311
39.3345
34.4027
29.4054
24.1319
36.7453
32.8890
29.6053
26.5845
23.5539
35.7355
33.2109
30.5423
29.3750
23.2193
40.2297
35.1006
30.2375
26.1752
23.0187
36.0630
33.5386
30.3122
26.9090
21.1113
42.3446
38.1347
32.3530
27.0706
24.1078
34.7309
30.2604
25.5090
21.9551
19.1848
46.0561
30.1469
21.0984
20.2313
17.9197
30.7211
27.7981
24.3945
20.4739
17.8197
31.3325
31.8852
28.6644
27.3734
25.3362
23.7733
23.1179
22.9305
23.0816
23.1874
29.7336
25.3292
19.3540
15.7997
13.7081
36.6265
31.7219
28.7445
25.7364
22.7309
100.0000
100.0000
100.0000
100.0000
100.0000
38.5639
35.5235
32.5972
29.5448
26.5305
39.4141
34.3341
28.8101
23.7036
19.4287
34.1548
30.8673
27.8100
24.7690
20.9718
37.2577
33.8976
30.3110
26.2176
21.0939
39.8349
32.8020
25.0699
21.6230
19.8751
34.3462
29.6325
25.0507
21.4984
18.7857
37.8317
34.8998
31.8540
28.7893
25.8419
43.5183
40.6745
37.7171
34.7156
31.6934
32.9689
30.0415
26.9366
23.9578
20.9706
41.8598
38.6438
35.6841
32.4012
28.9368
42.1129
39.2326
34.3044
29.2681
24.0225
37.4675
34.2744
31.1963
28.0728
24.9301
35.4671
31.6215
29.0188
26.1241
21.1466
40.2093
35.0391
30.1041
25.9047
22.5479
38.8320
36.1808
32.3494
28.0797
21.9581
43.1989
39.4953
33.7785
27.8125
23.7167
34.5233
29.4524
25.1784
21.2882
18.6644
32.2268
29.5556
21.7469
20.2823
17.6100
34.3173
27.3380
27.3567
20.0104
15.8814
30.2566
31.6956
27.9008
26.5305
24.6235
24.1896
23.7341
24.2378
24.2709
23.8029
29.7658
25.4405
19.3961
15.9108
13.5216
32.9491
28.2689
24.9934
21.6592
18.9773
100.0000
100.0000
100.0000
100.0000
100.0000
37.0214
33.9684
31.0394
28.0168
24.9968
37.8145
33.0290
27.8679
22.9761
18.7421
34.3184
31.2189
28.2424
25.2949
20.9705
39.3231
36.1648
33.1656
27.6589
24.8168
40.0238
33.3470
25.4012
22.1163
20.0115
34.0617
29.3167
24.5596
20.8219
18.3607
37.7683
34.8359
31.8047
28.8535
25.8434
43.5614
40.6834
37.7357
34.8343
31.7538
32.9374
29.9856
26.8680
23.9395
20.9451
41.0396
37.9977
35.0622
31.7413
28.3946
42.1924
39.3042
34.3758
29.3631
24.0595
37.7136
32.9155
30.1946
27.0571
23.9316
35.6224
32.0663
29.9443
25.2841
21.3768
41.6768
36.5639
31.6266
27.2954
23.7271
36.9670
34.6116
31.7142
28.0495
22.0762
42.8370
38.7292
32.9769
27.4860
23.7911
32.7095
28.2622
24.6204
20.8789
18.5050
31.3464
28.1508
27.3312
19.5626
18.0162
31.7822
26.6130
23.3492
21.1072
15.9885
30.2771
34.3835
29.6538
28.3006
26.2801
26.3862
25.8626
25.3504
25.5469
22.3840
29.7690
25.3234
19.3449
15.7868
13.5784
34.2817
28.6895
26.3666
21.9476
20.3546
100.0000
100.0000
100.0000
100.0000
100.0000
38.0214
35.0878
32.0564
29.0368
26.0599
37.7947
31.8696
26.5507
22.2165
18.4128
33.6354
30.6039
27.7643
25.0898
19.7496
38.0393
34.9745
31.4164
27.5862
19.3778
39.9375
30.3395
25.1671
22.7847
19.3754
32.6177
28.0442
24.0976
20.9455
18.1689
37.8431
34.8523
31.9227
28.9697
25.9930
43.5754
40.6980
37.7179
34.7814
31.6951
33.0076
30.0805
27.1118
24.1435
21.1378
42.1538
39.2608
36.0650
32.8794
29.5208
42.1363
39.2439
34.2897
29.1314
23.4899
36.7518
33.1733
30.2183
26.9675
23.7112
36.7262
33.0362
29.2895
24.9288
21.3181
33.8704
28.6684
23.4118
18.8000
15.3510
35.9074
32.6871
27.7344
21.8104
15.9497
41.2158
36.5714
29.9337
23.0710
18.9947
38.0139
33.3639
28.9826
24.4130
19.2411
31.8206
29.6379
26.3821
19.3939
19.0211
33.3288
40.2527
26.5902
21.4689
18.1953
30.6083
25.2012
21.1073
18.8727
16.5535
19.5622
19.8629
20.2619
20.5465
24.8167
29.7889
25.3967
19.5313
15.8872
14.0237
30.0295
25.3337
22.0692
19.3836
16.0377
100.0000
100.0000
100.0000
100.0000
100.0000
37.2730
34.3038
31.2950
28.2448
25.1953
40.6468
36.7212
32.5803
27.9229
23.0821
34.5698
30.8933
27.4049
23.8238
19.7935
39.5109
36.0179
32.1891
27.0670
22.8885
41.2300
36.4057
33.5785
31.4323
27.7796
36.0639
32.0871
28.0347
23.7349
19.1249
37.7952
34.8643
31.7820
28.8197
25.8061
43.2276
40.3717
37.3755
34.3605
31.3236
33.1529
30.1105
27.0488
24.1967
21.2058
42.2259
39.3848
36.3157
33.0795
30.2857
41.6862
38.7848
33.8383
28.7517
23.3732
37.2949
32.3096
29.1430
26.0711
22.9796
35.0847
31.4470
30.3146
26.4153
22.8371
34.1068
28.9148
24.1328
20.3735
17.6403
35.5749
32.2510
27.5687
22.8163
17.7775
41.5802
37.0180
30.4943
24.0092
20.4645
36.6463
32.2957
27.9416
22.9286
18.2078
32.6667
28.1728
25.7190
23.2499
18.7046
33.6825
32.0495
25.3670
21.6949
18.7684
31.0589
27.4368
23.1632
21.3785
19.4656
21.6707
21.1918
21.0040
20.5063
20.6799
29.7567
25.7053
19.3084
16.3559
13.3361
29.6186
25.7729
21.5873
19.8056
15.5759
100.0000
100.0000
100.0000
100.0000
100.0000
36.6627
33.6590
30.6608
27.6523
24.5596
40.3148
36.6522
32.4281
27.8030
22.1930
34.2570
30.8363
27.3959
24.0200
20.4657
37.9295
34.2128
29.6844
26.5574
23.2471
41.8475
36.7453
32.3492
29.2230
19.2762
36.0302
32.0122
27.5460
22.7344
17.9721
37.7852
34.8524
31.7806
28.7982
25.7935
43.6038
40.7227
37.7346
34.7823
31.7685
32.9687
29.9548
26.9506
23.9019
20.8976
42.6380
39.6220
36.6458
33.3895
30.2042
42.2111
39.3231
34.4019
29.3642
24.0732
37.6085
34.5774
31.6448
28.5883
25.5018
36.0455
32.3220
28.1427
24.5103
21.3505
38.2086
32.9611
27.6891
22.7160
18.4648
38.1058
35.2786
31.0573
26.1166
20.2229
43.1783
38.9385
32.5759
25.7829
21.7077
34.7586
29.9380
25.3822
21.0703
17.6932
45.0690
28.7590
25.3280
22.6734
16.4335
32.0107
27.8565
23.5091
20.0474
17.3974
30.2411
29.6278
25.4600
23.1216
21.6107
23.5217
22.6945
22.4515
22.4956
23.0241
29.7649
25.3276
19.3306
15.7993
13.4504
32.7355
27.0203
24.7816
20.4558
18.7669
100.0000
100.0000
100.0000
100.0000
100.0000
37.3214
34.4283
31.3698
28.4001
25.3958
38.3369
33.5712
28.3753
23.7240
19.1742
33.8519
30.6583
27.4827
24.4633
20.4757
38.4501
34.8430
30.6554
26.7162
20.7814
40.6725
34.3119
26.4258
25.0187
20.4001
34.3571
29.8362
25.1628
21.0252
17.7435
37.7905
34.8492
31.8573
28.8452
25.8992
43.4086
40.4485
37.4990
34.4995
31.4428
33.1234
30.1726
27.1138
24.1077
21.1691
41.6369
38.8054
35.6939
32.5194
29.2741
41.9960
39.0913
34.1165
28.9812
23.4482
36.7005
32.3269
28.8636
25.6128
22.4709
36.2604
32.5819
29.8903
26.0503
21.8854
31.9803
26.7197
21.6781
17.4550
14.1851
35.6545
32.6198
28.2472
22.9943
16.8246
40.9714
36.4579
29.9866
23.5665
19.6569
37.0522
32.5250
27.9785
24.3734
19.3609
34.3897
30.2876
25.8523
23.9918
15.7825
33.7669
25.8227
28.3284
23.0630
17.5972
30.6734
24.7901
20.1768
18.9860
16.3402
19.3566
19.5618
20.2164
20.5923
23.4936
29.7604
25.5912
19.3182
16.2570
13.4094
28.5410
24.3526
20.5244
18.8368
14.5145
100.0000
100.0000
100.0000
100.0000
51.2755
37.2032
34.2689
31.2273
28.0862
24.9265
40.7742
37.0058
32.6878
27.7947
23.1526
34.5270
30.9119
27.4772
24.0902
20.3807
38.1648
34.2847
30.5028
25.9843
21.5638
40.5705
35.6638
32.5636
30.6803
28.5581
36.5716
32.3657
28.1776
23.7755
19.2426
37.7870
34.8369
31.8397
28.8266
25.8446
43.5767
40.7541
37.7485
34.7325
31.7577
32.9890
29.9676
26.9232
23.9415
20.8984
41.5920
38.6731
35.5012
32.1818
28.8268
42.1984
39.3063
34.3707
29.3446
24.0988
37.6487
34.2252
31.4133
28.2563
25.0659
36.4028
32.8701
28.9729
24.4936
21.5733
37.2571
31.9912
26.7354
22.0032
18.1994
37.7536
34.9463
30.9063
26.4041
20.1894
42.6728
38.6724
32.6872
26.1741
22.2868
34.7401
30.5816
25.8814
21.1800
17.4111
33.5482
30.6508
25.8310
22.7261
17.4439
31.4776
27.4809
23.1301
21.3357
20.9871
30.1216
28.6557
24.2682
22.3844
20.5753
21.5904
21.4508
21.2302
21.2317
21.7131
29.7465
25.3376
19.3109
15.8060
13.3554
31.1308
25.3868
23.1933
18.9216
17.1658
100.0000
100.0000
100.0000
100.0000
96.7818
37.4905
34.5029
31.6131
28.5494
25.5676
38.7807
34.0173
29.0418
24.1148
19.4201
34.1793
30.9519
27.7807
24.8708
19.6803
38.6278
35.1293
31.4930
24.8070
23.3413
39.7405
34.7446
29.3588
24.7007
19.6649
34.8276
30.2524
25.4194
21.1014
17.3254
37.7796
34.8204
31.7766
28.7787
25.7752
43.4491
40.5698
37.5800
34.5991
31.5742
33.0195
29.9943
26.9604
23.9064
20.9487
40.7809
38.2534
35.2384
32.0570
28.8705
42.0445
39.1487
34.2141
29.1578
23.8754
38.2437
33.4738
30.5090
27.3474
24.3720
35.8076
32.4843
28.6499
24.2819
20.8912
38.2809
33.0753
27.9783
23.5385
20.0285
37.0975
34.3797
30.1893
25.4602
20.2618
42.4765
38.3895
32.3247
26.0744
22.2612
34.3807
30.0223
25.0387
20.7855
17.2924
42.8809
30.8705
25.5802
19.9182
16.2264
33.6014
27.0118
24.1888
19.3902
20.2730
30.2481
27.9259
24.1033
22.1829
21.0672
22.3683
21.8952
21.8180
21.8042
20.6618
29.7551
25.3970
19.3117
15.8785
13.4021
31.6840
26.6733
23.7797
20.6152
17.7463
100.0000
100.0000
100.0000
60.7972
49.9320
37.2664
34.3548
31.2816
28.3494
25.3277
38.2467
33.4818
28.4931
23.6956
19.0225
33.8629
30.5414
27.5344
24.4960
20.1031
38.0557
33.9680
30.1081
28.4377
23.3986
41.1707
35.0944
26.0974
21.0167
18.1148
34.6256
30.1001
25.0122
20.6450
17.1005
37.8212
34.8665
31.8705
28.9707
26.0211
43.6285
40.7989
37.8097
34.8612
31.8009
33.0081
29.9519
27.0232
24.0396
21.1462
42.5175
39.9728
36.8991
33.7640
30.5131
42.2167
39.3533
34.4259
29.2497
23.6259
37.0587
33.7563
30.6625
27.4955
24.1210
37.3090
32.6885
29.9060
25.8890
21.4855
35.8669
30.6864
25.7504
21.6589
18.5899
35.8472
32.8832
28.5642
23.6485
18.1291
41.7635
37.3440
30.9860
24.7711
20.9911
36.3472
32.0331
27.6872
22.4871
18.1016
34.0686
29.3578
25.9288
21.8924
18.4888
28.9297
29.6117
23.2146
20.4857
18.0527
31.1952
26.5628
23.0956
20.9705
19.4966
22.1429
22.0948
21.9270
21.6631
28.9428
29.7438
25.3593
19.5548
15.8150
14.0170
31.7929
26.1383
23.7913
20.1933
17.7707
100.0000
100.0000
100.0000
100.0000
75.4775
37.4996
34.4755
31.4288
28.4274
25.4207
40.3283
36.3312
31.9748
26.8819
21.4239
34.3037
30.9289
27.3802
24.1350
20.2993
39.0734
35.4961
30.7350
26.9141
22.7796
40.9214
36.0555
32.9533
28.2698
20.9345
35.9790
31.7868
27.2943
22.2464
17.8034
37.8163
34.8639
31.7831
28.7641
25.8982
43.4970
40.6362
37.6201
34.6205
31.6229
33.0616
30.0219
27.0421
23.9257
21.0749
41.9779
39.1813
36.0249
32.7127
29.4072
42.0518
39.1517
34.1913
29.1333
23.8638
36.8358
32.1890
29.0238
26.0893
22.8416
34.6282
31.7277
27.4202
25.8381
21.6740
36.5137
31.2997
26.5636
22.6835
19.4763
36.2305
33.7304
30.2702
26.4263
20.2838
42.5637
38.3547
32.3079
26.7802
23.4748
34.2108
29.6216
25.0225
21.1600
18.1976
43.9295
43.1695
26.2085
20.1358
19.1198
30.3773
30.0191
24.7606
21.0001
29.0210
30.7792
30.1407
25.6295
24.1445
21.7816
21.3438
21.3015
21.3773
20.7059
25.5353
29.7461
25.5206
19.3046
16.0589
13.2953
30.8054
25.5694
22.8745
18.9605
16.8721
100.0000
100.0000
100.0000
100.0000
100.0000
37.2390
34.2420
31.2637
28.2344
25.1899
38.4690
33.4154
28.3184
23.3104
19.0540
33.7306
30.5347
27.6280
24.6968
19.0402
38.5282
35.3304
31.7525
26.7403
22.4333
41.3279
34.9750
27.8663
23.7542
20.1217
33.8921
29.7523
25.0786
20.7035
17.7255
37.7903
34.8340
31.8048
28.8025
25.8317
43.4723
40.5836
37.5535
34.5750
31.5552
33.0111
30.0408
26.9567
24.0309
20.9881
41.7665
39.3775
36.2833
33.2718
29.9486
42.0365
39.1268
34.1824
29.1267
23.8166
37.5170
34.3079
31.0949
27.9315
24.7795
36.8607
33.2803
30.3367
26.8896
22.3182
32.6910
27.5822
22.8112
19.0192
16.3554
34.6225
30.9468
25.9981
21.1622
16.6106
40.0887
35.4331
29.0637
22.6456
19.0391
39.3661
35.2105
30.4737
25.7307
20.0927
35.0369
29.3978
21.6717
24.1830
20.3806
35.3755
32.4042
25.7317
23.3628
18.5598
30.9159
24.1203
20.1555
18.9596
17.1533
22.6228
22.3885
22.4992
21.7473
23.5577
29.7655
25.4720
19.3241
15.9789
13.4018
30.7442
26.8474
22.8828
20.5761
16.8549
100.0000
100.0000
100.0000
100.0000
72.6476
36.8685
33.9103
30.8598
27.8127
24.7402
41.5950
38.2344
34.5371
30.6207
26.0475
35.0925
31.4768
28.1090
24.5141
20.8873
38.0868
33.9115
29.7131
26.2965
20.7706
42.8178
38.0283
35.0059
33.0228
28.6961
36.8091
32.9689
28.8272
24.7250
19.9159
37.8567
34.8055
31.8096
28.8070
25.8524
43.6046
40.7687
37.7618
34.8230
31.8077
32.9436
30.0125
26.9025
23.9352
20.9989
42.4324
39.7334
36.6517
33.4881
30.2284
42.2104
39.3151
34.3949
29.3667
24.0418
37.6319
32.7151
30.0702
27.0073
23.6916
36.9465
33.2519
29.1097
25.7176
21.2084
36.1428
30.9517
25.8099
21.3836
18.1157
35.3596
32.1675
27.8913
23.3234
18.4801
41.3708
36.8743
30.4108
24.0031
20.3581
37.5930
32.8147
28.3129
23.2547
18.8909
36.3050
38.4098
41.9749
22.9097
17.8387
29.4628
31.4909
24.4661
22.6360
18.6175
30.7128
26.3108
22.4165
20.5190
18.6983
22.3302
22.5931
22.8297
23.0541
26.6637
29.7638
25.3393
19.3438
15.8312
13.5267
31.2102
25.5759
23.2674
19.2941
17.2521
100.0000
100.0000
100.0000
100.0000
100.0000
37.2559
34.3015
31.1847
28.1863
25.1390
40.8569
36.9006
32.3848
27.0992
21.6196
34.6250
31.0210
27.5605
24.2006
20.7447
39.4525
35.9657
32.9682
27.3122
23.3777
40.1587
34.8429
30.7040
28.1960
21.6925
36.0550
32.0596
27.7226
23.0779
18.3501
37.9081
34.9008
31.9234
28.9321
25.9863
43.2211
40.3867
37.3654
34.3228
31.2065
33.1148
30.2684
27.2037
24.2858
21.3872
41.0158
38.0917
34.8594
31.5432
28.2593
41.8021
38.8788
33.8497
28.6337
22.9778
36.1240
32.6192
29.3601
26.2433
22.9734
34.4557
31.2036
30.3023
25.7142
20.6379
38.5451
33.3598
28.4475
24.2117
20.6652
37.0637
34.4561
30.5040
25.4190
18.3444
42.6087
38.6911
33.0231
27.1821
23.5435
35.0724
29.8111
25.2339
21.0528
17.9335
31.2594
27.1440
25.6627
20.1995
16.9220
36.2452
28.6360
24.3533
20.1658
17.4346
30.2692
30.9745
26.5994
25.3351
23.4626
21.7506
21.3474
20.7928
20.5365
22.1061
29.8047
25.7442
19.5674
16.2271
14.0473
28.8461
28.0789
20.7722
22.2070
14.8010
100.0000
100.0000
100.0000
100.0000
100.0000
36.6956
33.5249
30.3820
27.1880
24.0741
38.7894
33.9309
28.9441
23.6012
19.1213
34.0361
30.6330
27.1284
23.3570
19.0580
39.0348
35.7197
31.6551
28.1956
24.5594
40.8218
35.1503
28.0034
24.9544
21.9827
34.8757
29.9002
25.0309
20.8978
17.6644
37.7797
34.8200
31.7740
28.7858
25.7491
43.5563
40.7344
37.7277
34.7586
31.7367
32.9766
29.9963
26.8672
23.9430
20.8313
42.5610
39.8873
36.8378
33.7358
30.6246
42.1687
39.2823
34.3462
29.2977
24.0657
38.3635
33.6273
30.9486
27.7915
24.7559
34.8387
32.0901
28.0149
23.9122
21.1794
38.8100
33.6521
28.9814
25.3785
22.7180
36.7566
33.8925
30.2782
26.5593
22.2645
42.7840
38.5908
32.4168
26.5865
23.2734
34.3071
29.9058
24.7758
21.0588
19.2276
34.3361
30.8340
26.4840
20.7185
19.0854
30.3526
27.3992
26.3790
20.5804
22.0151
30.9916
31.7276
28.2876
26.2545
24.6976
25.6268
23.9319
22.9281
22.0004
26.1932
29.7491
25.3563
19.3012
15.8629
13.2980
33.0347
27.7981
25.1214
21.4838
19.1104
100.0000
100.0000
100.0000
64.7649
50.2099
37.3654
34.3596
31.4358
28.4541
25.4226
38.8669
34.2410
28.8679
23.4394
18.8178
33.9352
30.7651
27.7805
25.2310
19.2202
37.6589
34.5360
30.9209
26.8411
21.8458
42.1533
29.5178
23.4244
21.2910
18.3658
34.0319
29.1312
24.7557
21.2048
18.1436
37.8842
34.9644
31.9362
29.0456
26.0219
43.5950
40.7789
37.8477
34.8369
31.7232
33.0066
30.0918
27.0334
24.2028
21.2409
42.0466
39.5168
36.4045
33.2121
30.0086
42.2356
39.3659
34.3782
29.0274
23.2858
37.1361
33.4434
30.1542
27.1554
23.8436
36.5236
31.8127
26.7540
23.0249
20.6891
38.6789
33.5558
28.4021
23.9009
20.4398
36.9808
34.1803
30.0846
24.7216
18.3586
42.6711
38.4721
32.2574
25.9601
21.8879
34.9170
30.3573
24.8934
20.5568
17.4976
33.6955
29.4029
24.7335
19.7081
16.7230
32.7824
31.2644
23.9605
19.3973
18.4503
30.5671
28.0703
24.6445
24.1061
21.0665
23.2306
22.2475
21.7119
21.2021
25.6490
29.7734
25.3188
19.8015
15.7864
14.3558
30.8942
25.3233
22.9511
19.3194
16.9143
100.0000
100.0000
71.3054
57.4459
56.0998
37.4685
34.5161
31.6133
28.5094
25.6636
38.9808
34.2391
29.2760
23.9164
18.9794
33.6721
30.3122
27.0058
23.7485
19.7444
37.5412
33.9019
29.0792
25.4379
20.5225
41.7719
36.9364
27.0490
22.8339
18.8925
34.0980
30.1125
25.0701
20.5730
17.2645
37.8417
34.8687
31.7915
28.9281
25.8343
43.5260
40.6642
37.7157
34.7302
31.6909
32.9702
29.9904
26.9135
23.9464
21.0436
41.7688
38.8191
35.6901
32.4524
29.1643
42.1586
39.2631
34.3331
29.2518
23.7947
37.1602
31.5916
28.6439
25.6035
22.3982
36.5689
32.5604
28.1167
25.7215
21.7788
36.3278
31.1413
25.9289
21.3642
18.0211
35.4731
32.2234
27.5287
22.6914
17.5836
41.3139
36.8585
30.4723
24.0137
20.4032
36.9588
32.5924
28.1683
22.5165
17.9026
31.9257
25.9687
26.4099
23.1543
15.5817
29.5889
27.6661
27.2425
21.5655
18.8688
30.6350
26.6309
22.4717
20.9993
18.7509
20.8520
20.9790
21.3363
21.0137
22.2656
29.7698
25.3863
19.4140
15.8606
13.7259
32.4986
28.1200
24.4752
21.7903
18.4730
100.0000
100.0000
100.0000
100.0000
100.0000
37.0973
34.1363
31.0983
28.1182
25.0556
40.3086
36.3246
31.9541
26.9786
21.6151
34.4632
30.8399
27.2907
23.6948
19.7770
39.0726
35.0609
30.1164
25.7075
22.4856
40.7485
35.8474
33.0601
29.1268
23.1680
36.2952
32.0591
27.4761
22.5955
17.6216
37.8388
34.8607
31.8181
28.8494
25.8007
43.5523
40.7384
37.7901
34.8056
31.7809
32.9633
29.9876
26.9358
23.9672
21.0006
42.5205
38.8010
35.6713
33.1232
28.9181
42.2188
39.3201
34.3824
29.3131
23.9199
37.5627
34.4148
31.1020
28.1966
24.7800
36.2948
32.7405
29.2415
25.2523
21.8501
33.6708
28.3656
23.1661
18.7289
15.5438
36.4098
33.5067
29.7049
25.2747
19.3876
41.9753
37.6655
31.3446
24.9917
21.0535
35.4982
31.2769
27.3788
22.8061
18.0881
33.6602
28.7019
27.4648
18.8895
20.4357
32.8843
29.5106
25.9504
22.2752
17.3355
30.8186
27.2396
23.6550
21.6774
19.8005
20.9518
21.2400
21.5679
21.3291
22.9472
29.7510
25.4005
19.3198
15.9860
13.3740
30.1263
24.8836
22.1760
18.9238
16.1599
100.0000
100.0000
100.0000
100.0000
100.0000
37.3378
34.3474
31.3932
28.3530
25.2881
39.7657
35.3417
30.5789
25.4457
20.5933
34.1650
30.8108
27.3749
24.3185
20.5102
38.4237
34.6453
31.2160
27.2004
20.9134
39.4250
34.5029
31.6149
29.4222
25.1262
35.2022
30.8245
26.3995
22.2106
18.3272
37.6221
34.6151
31.6536
28.6035
25.6206
41.5099
38.5564
35.4097
32.2682
29.1087
33.9077
30.9208
27.8869
24.9703
22.0753
41.6437
38.6047
35.3464
31.9690
28.5202
39.9336
36.9640
31.9115
26.6930
21.1549
34.9217
29.5092
26.3229
23.0127
19.8988
30.8914
27.4452
29.7339
26.5772
19.0881
35.4948
30.2562
25.3502
21.2435
17.9089
36.6515
33.5308
28.6539
22.5273
15.8475
43.7652
39.7565
33.7071
27.3092
23.4583
35.3660
31.0532
25.9480
21.2848
17.6371
32.2926
48.8660
26.3153
20.7886
17.0250
38.1229
28.1048
29.1339
20.5199
16.7160
30.5582
27.2450
23.4644
22.1356
20.0240
19.2867
19.3924
19.7797
19.9189
20.4674
29.7493
27.9982
19.3749
18.7085
13.5291
26.5772
23.5771
18.4985
18.2822
12.4786
100.0000
100.0000
100.0000
100.0000
100.0000
35.6557
32.5257
29.4257
26.2706
23.0526
39.6241
34.9171
30.0690
24.8083
19.7004
33.2390
29.5373
25.9576
22.2525
18.7821
37.0974
34.5975
31.2203
28.5368
23.9986
40.9072
35.9481
30.7043
25.8025
20.6086
35.8585
31.0999
25.9950
21.2606
17.6576
37.8399
34.8243
31.7927
28.7945
25.8286
43.4877
40.6977
37.6412
34.6966
31.6273
32.9637
29.9846
27.0354
23.9731
20.8705
42.2899
39.3936
36.3553
33.1734
30.0688
42.0461
39.1501
34.2018
29.1472
23.8462
37.9106
34.6864
31.7323
28.3925
25.3289
36.5260
32.2574
30.1360
25.8057
23.3719
35.2963
30.0925
25.1241
21.0055
17.8955
36.6629
33.5067
28.8160
23.6465
18.7334
41.8262
37.6083
31.3602
24.7627
20.7757
36.9097
32.4007
27.9606
22.5375
17.9146
27.7374
31.1089
26.3447
23.1349
15.4022
33.4761
27.4106
24.7125
19.9706
19.3424
30.9716
26.6286
22.6381
20.4888
18.5141
21.4193
21.2213
21.3545
21.0562
23.2995
29.7633
25.4316
19.3156
15.9196
13.3814
31.6766
27.0549
23.7934
20.6467
17.7769
100.0000
100.0000
100.0000
100.0000
60.2312
37.4017
34.3693
31.4153
28.3659
25.3915
40.4432
36.6346
32.4103
27.3999
21.8267
34.7233
31.3065
27.8660
24.5160
20.9682
37.8666
34.6082
31.1713
27.8993
24.7664
41.3224
36.4222
31.9930
28.6468
20.6413
36.5999
32.2305
27.2935
22.2406
17.8153
37.8163
34.8414
31.8133
28.7852
25.7961
43.5000
40.6411
37.6766
34.6542
31.6820
32.9924
29.9998
26.9561
23.9471
20.9627
42.0818
39.4500
36.3071
33.1335
29.9349
42.1470
39.2504
34.3015
29.2353
23.9783
37.7686
33.2384
30.1412
27.1505
24.0541
36.6567
32.5378
29.6166
26.1287
23.1216
36.7254
31.5268
26.5898
22.4883
19.4569
35.8790
32.7051
28.6527
24.8471
20.1533
41.3704
37.3241
31.2879
25.2374
22.0280
36.5966
31.9742
27.1292
22.0981
18.0771
49.3884
29.4394
26.9257
23.2277
16.8211
33.3239
29.2997
25.6728
21.6954
19.8209
30.6955
28.7877
25.1231
22.6376
20.9649
22.8189
22.6818
22.3098
22.7710
24.9149
29.7510
25.4854
19.3072
15.9782
13.3150
31.5922
27.0531
23.6215
20.4953
17.5995
100.0000
100.0000
100.0000
100.0000
100.0000
37.3899
34.4040
31.4440
28.3959
25.3733
40.4473
36.4617
31.5827
26.1720
20.7908
34.5890
31.0324
27.6715
24.4870
21.0803
38.5007
35.1146
31.7552
27.8568
24.2289
41.1839
36.1377
30.8368
25.5359
20.0043
36.1288
31.5788
26.6937
21.9113
17.9571
37.8253
34.8175
31.7763
28.8520
25.7893
43.4826
40.6279
37.6702
34.6672
31.6063
33.0196
30.0375
27.0053
23.9575
20.9694
42.1554
38.9691
35.6582
32.2376
28.9895
42.1343
39.2338
34.2984
29.2561
23.9803
37.6584
34.3136
31.2515
28.1176
24.9457
35.3024
31.3332
27.6835
24.4958
21.3093
38.8973
33.6776
28.5211
24.0124
20.6555
38.5014
35.9644
32.2170
27.7864
21.2364
43.2726
39.5724
33.8108
27.5045
23.3407
34.1428
29.5614
25.5325
21.8267
18.6509
37.3101
43.4608
23.9804
20.4236
17.5663
33.4778
29.0294
25.3272
19.7385
18.7474
31.1843
29.9235
27.5920
24.7248
22.8717
20.7812
20.6309
20.5655
20.4026
21.9780
29.7824
25.4355
19.3408
15.9967
13.3587
31.0583
26.0437
23.1131
19.8748
17.0947
100.0000
100.0000
100.0000
100.0000
100.0000
37.2030
34.1523
31.1074
28.0349
24.9289
37.1280
32.1693
27.4747
23.3631
19.4162
34.1188
31.2053
28.2363
25.2639
20.9330
39.2119
35.8842
32.1878
29.1846
25.4098
40.7614
34.7338
27.8278
24.7496
21.3316
34.2354
29.6574
24.9819
20.9114
18.4626
37.7939
34.8528
31.7858
28.8047
25.7287
43.5203
40.6839
37.6197
34.6680
31.6540
32.9798
29.9756
26.9115
23.9833
20.9650
41.2575
38.4429
35.3605
32.1786
29.0795
42.1136
39.2141
34.2821
29.2446
24.0389
38.2354
33.3937
30.5500
27.3542
24.1904
35.9940
32.1839
28.3336
24.8264
20.7246
36.4008
31.2330
26.2807
22.1522
19.0756
36.4186
33.2728
28.8124
24.2546
19.5393
41.4391
37.2078
31.0306
24.8279
21.0888
36.0845
31.7327
27.2093
22.0850
17.8627
33.2252
29.0090
26.9417
23.3770
16.3835
29.0845
25.8180
23.4781
20.3425
17.7067
30.6867
27.5661
23.8785
21.9015
20.0908
25.6218
23.8045
22.7947
21.9040
26.3229
29.7625
25.3901
19.3068
15.8649
13.2965
33.1593
28.6902
25.2965
21.7821
19.2743
100.0000
100.0000
100.0000
70.5502
57.3000
37.2212
34.3005
31.2903
28.2534
25.1953
39.8799
35.5193
31.1363
25.9704
20.8087
34.1224
30.7201
27.3377
24.2493
21.0049
39.0239
35.2362
30.4713
25.1516
21.4060
41.6915
36.6170
32.2152
28.7150
20.0615
36.2119
31.5181
27.0752
21.8060
17.5899
37.7333
34.7952
31.7893
28.7988
25.8068
42.0716
39.2643
36.3009
33.3697
30.3222
33.4359
30.4870
27.4966
24.5677
21.5851
38.1113
34.9981
31.9724
28.8175
25.5980
40.8808
38.0216
33.0882
27.9755
22.5820
35.9567
32.8203
29.7236
26.5256
23.2845
33.1647
30.3783
27.7342
24.5249
21.2650
25.8900
20.8069
16.6316
13.7508
11.9231
39.3384
35.8101
30.5715
23.4312
16.6163
33.4989
31.8761
27.8335
23.2015
19.4086
39.3558
36.6648
32.4039
29.9878
24.8624
34.5248
28.8655
26.1060
23.0031
20.6154
31.8590
35.5639
25.2693
28.1148
21.7969
30.7073
22.7073
21.7004
20.7568
19.1330
18.1330
18.6257
18.5819
19.2608
22.1497
30.5235
25.7750
20.2192
16.3511
14.3848
28.3505
26.7180
20.3548
21.0011
14.3906
100.0000
100.0000
100.0000
100.0000
100.0000
37.6138
34.6704
31.6138
28.5155
25.4076
39.9138
36.5754
33.4933
30.3956
26.9608
34.9671
31.8429
32.6263
25.0961
21.7179
38.6995
35.3628
31.4866
28.9825
24.8592
41.9872
37.5147
34.4032
32.2402
30.3380
39.3371
35.7017
31.1545
26.1837
21.2360
