45.03
40.94
36.80
33.07
29.35
52.87
49.18
44.98
40.90
36.90
36.57
32.69
29.16
25.65
22.38
59.40
55.32
50.16
45.16
39.57
53.32
49.58
42.90
36.05
29.00
43.39
39.44
36.18
32.51
28.51
40.78
35.57
33.16
28.46
24.06
41.57
33.77
27.10
22.12
18.72
41.71
36.81
30.39
24.87
19.74
53.78
47.86
36.94
26.41
21.69
46.43
39.58
32.75
25.15
19.16
34.44
32.88
28.29
25.49
22.80
38.74
28.83
25.21
23.66
24.02
32.94
29.74
25.24
23.28
21.04
23.24
22.38
22.00
21.41
22.65
29.76
25.33
19.32
15.78
13.39
34.79
28.34
26.09
21.15
19.67
100.00
100.00
100.00
100.00
100.00
44.84
40.59
36.47
32.54
28.88
54.34
49.34
42.57
34.03
25.25
40.58
35.76
31.08
26.66
22.79
43.80
37.99
30.16
28.15
21.89
52.46
44.04
38.96
32.18
20.86
43.68
37.19
30.63
24.12
19.00
42.26
38.49
35.02
31.59
28.39
49.77
46.00
42.24
38.52
34.94
34.93
31.65
28.35
25.06
22.11
55.53
50.69
45.37
39.90
34.56
50.31
46.44
40.12
33.99
27.46
39.99
35.79
32.27
28.97
25.65
38.03
35.11
32.15
30.83
23.83
45.56
38.79
32.62
27.61
23.87
39.80
36.60
32.52
28.34
21.58
51.30
44.52
35.77
28.67
25.06
38.60
32.71
26.77
22.63
19.55
50.72
32.11
21.53
20.98
18.51
32.66
29.22
25.24
21.55
18.85
32.92
33.51
29.83
28.35
26.12
24.12
23.41
23.17
23.29
23.40
29.74
25.34
19.36
15.80
13.72
37.70
32.60
29.35
26.35
23.09
100.00
100.00
100.00
100.00
100.00
43.32
39.41
35.91
32.38
29.03
46.95
39.17
31.44
25.05
20.14
37.35
33.33
29.67
26.06
21.56
42.10
37.73
33.39
27.68
21.86
43.85
35.03
26.23
22.27
20.31
38.15
32.03
26.29
22.13
19.12
41.37
38.10
34.71
31.38
28.24
47.99
44.62
41.23
37.84
34.47
34.67
31.53
28.25
25.14
22.06
50.70
46.19
41.97
37.38
32.72
48.19
44.84
39.17
33.48
27.50
40.66
37.22
33.95
30.50
27.05
37.09
32.72
29.99
26.77
21.51
44.40
38.17
32.27
27.25
23.33
42.54
39.38
34.74
29.64
22.52
48.81
44.48
37.17
29.52
24.58
38.50
31.56
26.37
21.89
19.02
34.10
31.34
22.11
20.86
17.97
37.27
28.56
29.30
20.62
16.32
31.53
33.54
29.14
27.56
25.38
24.50
24.00
24.48
24.46
23.91
29.77
25.46
19.40
15.92
13.52
33.45
28.66
25.27
21.91
19.14
100.00
100.00
100.00
100.00
100.00
40.70
37.12
33.85
30.51
27.22
42.63
36.54
30.01
24.16
19.38
37.19
33.57
30.15
26.78
21.65
44.35
40.63
37.06
29.47
26.08
44.48
35.91
26.63
22.84
20.49
37.67
31.51
25.70
21.39
18.70
42.00
38.43
34.93
31.61
28.29
49.63
45.71
41.97
38.47
34.84
34.79
31.57
28.20
25.13
22.03
47.64
43.48
39.61
35.45
31.45
50.11
46.28
40.01
33.93
27.58
41.09
35.81
32.93
29.47
26.04
37.86
33.67
31.28
26.10
22.09
46.47
39.92
33.82
28.60
24.48
40.38
37.35
33.70
29.31
22.53
50.95
44.43
35.86
28.80
24.50
35.28
29.73
25.51
21.33
18.77
33.04
29.86
29.12
20.09
18.42
33.76
27.66
24.24
22.27
16.56
31.46
36.10
30.64
29.17
26.96
26.67
26.09
25.54
25.68
22.53
29.79
25.33
19.35
15.79
13.59
34.85
29.05
26.67
22.18
20.54
100.00
100.00
100.00
100.00
100.00
42.25
38.72
35.20
31.78
28.54
43.48
34.89
28.05
23.05
18.89
36.34
32.66
29.39
26.36
20.14
42.58
39.03
34.18
29.65
19.80
44.27
32.33
26.17
23.44
19.70
35.24
29.50
24.91
21.41
18.42
46.22
41.92
37.85
33.97
30.06
54.14
50.12
45.97
41.77
37.37
37.26
33.46
29.82
26.31
22.88
55.93
52.29
47.67
42.46
36.82
53.94
50.19
43.20
35.54
27.42
42.56
38.14
34.74
30.74
26.66
42.22
37.20
32.37
27.05
22.94
43.50
34.67
26.76
20.59
16.37
42.91
38.41
31.57
24.03
16.93
54.21
48.06
37.58
26.48
20.84
49.46
42.13
35.19
28.03
21.06
33.86
31.45
28.21
19.83
20.83
38.49
47.65
30.01
22.92
19.64
32.55
26.87
22.21
19.79
17.26
19.94
20.19
20.53
20.71
25.07
29.80
25.43
19.55
15.91
14.08
31.79
26.75
23.05
20.36
16.61
100.00
100.00
100.00
100.00
100.00
45.03
41.02
36.89
32.81
28.83
54.11
48.59
42.10
34.41
26.97
41.47
36.17
31.40
26.64
21.54
48.78
42.85
37.10
29.65
24.79
53.07
45.53
40.95
37.62
32.02
44.85
38.84
32.92
26.92
20.90
43.60
39.99
36.05
32.44
28.87
49.44
46.04
42.46
38.73
35.03
36.33
32.66
29.08
25.89
22.63
53.83
50.16
45.90
41.20
37.09
48.15
44.88
39.16
33.08
26.59
41.49
35.59
32.21
28.86
25.39
37.30
33.23
33.09
28.26
24.17
39.25
32.47
26.42
21.80
18.54
40.96
36.53
30.51
24.60
18.58
52.58
47.13
36.97
26.72
21.98
45.42
38.30
31.85
25.06
19.20
34.44
29.83
27.38
24.82
19.80
36.94
36.39
27.54
23.21
20.25
32.72
29.22
24.35
22.33
20.20
22.05
21.49
21.25
20.70
20.79
29.76
25.73
19.31
16.37
13.34
30.22
26.48
21.95
20.38
15.80
100.00
100.00
100.00
100.00
100.00
40.59
37.16
33.75
30.31
26.80
51.29
46.43
39.98
32.83
24.80
39.40
34.90
30.45
26.21
21.87
43.18
38.31
32.63
28.75
24.75
51.40
43.47
36.86
32.54
20.53
43.47
37.61
31.25
24.81
18.94
43.36
39.74
35.94
32.37
28.89
50.63
47.07
43.26
39.61
35.87
35.70
32.22
28.81
25.44
22.22
57.37
53.24
48.30
42.55
37.09
51.08
47.53
41.42
35.15
28.47
42.06
38.83
35.53
31.90
28.24
39.17
34.61
29.85
25.70
22.27
42.82
36.35
29.89
23.94
19.11
43.36
39.67
34.12
28.02
20.99
51.92
46.65
37.64
27.89
22.82
40.59
33.24
27.20
22.05
18.25
51.12
30.39
27.05
24.13
17.04
34.63
29.69
24.74
20.96
18.22
31.62
31.37
26.54
23.94
22.28
23.93
23.01
22.70
22.67
23.16
29.77
25.33
19.33
15.80
13.46
33.85
27.81
25.37
20.95
19.10
100.00
100.00
100.00
100.00
100.00
42.21
38.76
35.10
31.70
28.28
45.97
39.23
31.79
25.66
20.21
38.05
33.91
29.96
26.32
21.56
44.48
39.39
33.89
28.82
21.52
47.02
38.06
28.45
26.68
21.28
39.80
33.33
27.01
22.00
18.30
45.27
41.34
37.43
33.50
29.82
52.46
48.52
44.57
40.62
36.55
37.12
33.48
29.82
26.29
22.97
52.53
49.14
44.98
40.39
35.60
52.27
48.52
41.93
34.95
27.47
42.19
36.85
32.93
29.07
25.41
41.58
36.62
33.18
28.48
23.52
38.51
30.93
24.20
18.91
15.03
41.94
37.95
32.24
25.51
17.94
53.04
46.93
37.23
27.28
21.78
46.39
39.34
32.68
28.10
21.28
36.71
32.22
27.57
25.80
16.12
38.73
28.04
31.84
25.36
18.81
32.44
26.41
21.28
19.96
17.04
19.83
19.95
20.58
20.87
23.71
29.77
25.67
19.32
16.33
13.42
29.85
25.39
21.24
19.64
14.94
100.00
100.00
100.00
100.00
52.79
43.25
39.66
35.89
32.00
28.06
52.59
47.66
41.23
33.79
27.04
40.95
35.97
31.47
27.05
22.31
45.14
39.61
34.30
28.36
22.66
51.39
43.23
38.38
35.63
32.67
45.16
39.04
33.24
27.08
21.14
42.31
38.87
35.44
32.04
28.74
49.21
45.88
42.29
38.75
35.36
35.34
31.95
28.62
25.42
22.18
52.64
48.38
43.54
38.42
33.47
49.47
46.06
40.30
34.50
28.26
41.71
37.92
34.78
31.20
27.55
38.93
34.98
30.56
25.47
22.53
43.12
35.91
29.09
23.30
18.92
42.64
39.11
34.02
28.47
21.05
49.95
45.23
37.60
28.54
23.60
40.06
34.59
28.12
22.31
18.04
35.35
32.44
27.65
24.45
18.24
33.85
29.30
24.50
22.47
22.42
31.65
30.45
25.33
23.23
21.29
21.98
21.75
21.48
21.43
21.84
29.77
25.35
19.32
15.81
13.36
32.03
25.97
23.68
19.28
17.45
100.00
100.00
100.00
100.00
100.00
41.74
38.22
35.00
31.59
28.33
45.10
39.10
32.72
26.33
20.61
38.18
34.22
30.35
26.87
20.64
44.15
39.50
35.17
26.23
24.87
45.48
38.57
31.57
26.49
20.56
40.20
33.96
27.52
22.21
17.94
42.52
38.93
35.33
31.87
28.52
49.55
45.89
42.24
38.61
35.03
35.31
31.92
28.57
25.29
22.17
48.66
45.25
41.14
36.89
32.75
49.63
46.08
40.05
33.97
27.70
42.35
36.81
33.66
30.21
26.85
38.38
34.37
30.04
25.21
21.67
44.66
37.43
30.66
25.06
20.89
41.57
38.15
32.86
27.17
21.04
50.55
45.10
36.65
28.11
23.39
39.44
33.36
26.78
21.75
17.82
47.93
32.66
27.29
20.70
16.84
36.97
28.40
25.56
19.97
21.44
31.80
29.61
25.21
23.02
21.76
22.67
22.15
22.01
21.95
20.73
29.77
25.42
19.32
15.89
13.41
32.49
27.20
24.22
20.99
18.01
100.00
100.00
100.00
62.90
51.20
41.42
37.96
34.41
31.13
27.83
44.93
38.35
31.65
25.54
20.01
37.50
33.37
29.77
26.22
21.05
43.77
37.54
32.91
31.45
24.91
48.40
39.27
28.20
22.07
18.75
39.62
33.45
26.84
21.58
17.61
43.81
39.92
36.22
32.68
29.16
51.42
47.67
43.73
39.95
35.99
35.92
32.29
28.96
25.65
22.52
57.21
53.67
48.67
43.20
37.62
51.80
48.16
41.49
34.38
26.99
41.12
37.69
34.08
30.45
26.48
41.92
35.42
32.02
27.13
22.37
42.22
35.00
28.43
23.24
19.54
41.11
37.15
31.58
25.45
18.87
52.47
46.75
36.53
27.35
22.38
43.53
37.37
31.45
24.21
18.95
36.16
29.44
27.61
23.16
19.60
30.08
33.43
24.08
21.78
19.07
32.81
28.29
24.20
21.85
20.19
22.58
22.43
22.19
21.86
29.38
29.75
25.37
19.56
15.82
14.03
32.80
26.88
24.37
20.75
18.12
100.00
100.00
100.00
100.00
83.55
43.86
39.79
35.85
32.09
28.50
50.80
45.00
38.40
30.87
23.51
39.20
34.79
30.26
26.18
21.52
46.09
40.57
33.50
29.15
24.52
48.99
41.70
37.33
30.92
22.33
42.76
36.70
30.65
24.00
18.63
42.15
38.56
34.93
31.53
28.39
49.26
45.55
41.72
38.09
34.61
35.08
31.70
28.49
25.17
22.21
52.51
48.38
43.51
38.45
33.70
49.03
45.39
39.27
33.26
27.03
40.16
35.01
31.65
28.51
24.92
36.56
33.19
28.39
26.83
22.31
39.05
33.32
28.08
23.69
20.07
39.72
36.62
32.40
27.88
20.81
50.93
44.82
35.78
28.57
24.54
38.07
32.23
26.41
21.96
18.63
49.55
46.13
28.06
20.76
19.51
31.87
32.01
26.17
22.00
30.74
32.31
31.86
26.78
24.99
22.43
21.66
21.58
21.63
20.90
25.72
29.75
25.54
19.31
16.07
13.30
31.25
25.91
23.12
19.17
17.02
100.00
100.00
100.00
100.00
100.00
41.10
37.52
34.09
30.72
27.41
45.10
37.72
30.87
24.75
19.89
36.82
32.91
29.52
26.13
19.54
43.58
39.28
34.77
28.27
23.55
48.15
38.83
30.05
24.96
20.79
37.57
32.44
26.64
21.46
18.14
46.01
41.64
37.34
33.32
29.57
53.80
49.61
45.25
40.97
36.76
36.98
33.19
29.41
26.00
22.57
53.65
50.82
46.70
42.29
37.19
53.20
49.40
42.60
35.53
28.26
43.21
39.39
35.67
31.72
27.81
42.93
38.07
34.44
29.81
24.20
40.64
32.72
25.90
20.85
17.51
41.19
35.92
29.37
23.36
17.75
53.27
47.60
36.44
25.88
20.88
51.70
45.28
37.64
30.29
22.15
37.36
31.31
22.21
26.04
22.21
42.21
37.65
28.38
25.78
19.89
32.57
25.83
21.25
19.89
17.87
23.39
23.03
23.00
22.07
23.78
29.77
25.52
19.33
16.02
13.41
32.13
28.08
23.75
21.45
17.39
100.00
100.00
100.00
100.00
80.29
44.24
40.07
35.94
31.85
27.98
55.62
51.19
45.58
39.15
31.80
41.96
36.84
32.17
27.50
22.98
46.46
40.07
34.00
29.36
22.43
58.12
49.63
44.27
40.95
33.73
45.76
39.88
33.63
28.14
21.95
44.86
40.55
36.53
32.75
29.21
53.11
49.05
44.65
40.64
36.55
36.16
32.59
28.96
25.62
22.41
58.01
54.29
49.15
43.45
37.69
53.61
49.50
42.52
35.57
28.39
42.47
36.41
33.64
30.21
26.32
41.90
37.04
31.55
27.44
22.47
44.21
36.19
28.87
23.09
19.12
40.95
36.58
30.98
25.33
19.44
54.07
47.18
36.15
26.53
21.77
46.44
39.21
32.64
25.38
20.00
38.77
41.27
47.67
24.57
18.76
31.16
35.94
25.97
24.17
19.66
32.12
27.94
23.47
21.33
19.37
22.91
23.12
23.27
23.40
27.12
29.77
25.35
19.35
15.84
13.54
32.29
26.35
23.89
19.82
17.63
100.00
100.00
100.00
100.00
100.00
43.25
39.52
35.50
31.79
28.22
53.46
47.12
39.67
31.45
23.89
40.10
35.18
30.69
26.50
22.27
48.24
42.28
38.01
29.87
25.32
47.40
39.81
34.21
31.00
23.27
43.50
37.43
31.38
25.22
19.39
41.75
38.24
34.81
31.47
28.24
47.69
44.32
40.68
37.17
33.60
34.98
31.88
28.57
25.51
22.50
47.83
44.08
39.78
35.40
31.21
47.22
43.78
37.83
31.69
25.08
39.23
35.56
31.93
28.52
24.84
35.90
32.41
31.66
26.68
21.21
42.05
36.08
30.40
25.44
21.38
40.57
37.34
32.45
26.42
18.64
49.76
44.57
36.61
28.91
24.52
39.74
32.27
26.63
21.80
18.36
33.14
28.15
27.71
20.71
17.46
39.90
30.32
25.64
20.90
18.18
31.74
32.67
27.70
26.26
24.17
22.07
21.59
21.01
20.68
22.20
29.82
25.77
19.58
16.24
14.06
29.15
28.55
20.93
22.56
14.90
100.00
100.00
100.00
100.00
100.00
39.11
35.67
32.22
28.76
25.46
45.10
38.37
31.72
25.07
19.91
36.96
32.83
28.66
24.28
19.48
44.32
39.67
34.38
30.51
26.04
46.55
38.84
30.18
26.22
22.88
39.22
32.58
26.55
21.67
18.07
42.03
38.48
34.93
31.56
28.22
49.27
45.67
41.95
38.38
34.88
34.96
31.66
28.25
25.17
21.94
55.29
51.12
46.10
41.07
36.31
49.55
45.94
39.87
33.87
27.82
42.05
36.60
33.76
30.35
27.00
36.79
33.88
29.27
24.82
21.73
43.14
36.68
31.01
26.69
23.55
40.73
37.06
32.58
28.07
22.95
50.90
45.30
36.11
28.22
24.16
38.43
32.45
26.00
21.64
19.61
36.06
32.73
28.35
21.55
19.93
32.11
28.70
28.13
21.50
24.00
32.47
33.50
29.45
27.17
25.45
26.01
24.17
23.09
22.12
26.39
29.76
25.37
19.30
15.87
13.30
33.45
28.17
25.37
21.76
19.26
100.00
100.00
100.00
66.52
51.11
41.20
37.68
34.35
31.03
27.71
45.88
39.25
31.77
24.86
19.53
37.16
33.32
29.76
26.82
19.61
42.66
38.81
33.99
28.50
22.68
49.73
32.05
24.40
21.91
18.68
37.94
31.48
26.00
21.81
18.44
42.90
39.32
35.65
32.25
28.75
50.13
46.50
42.87
39.01
35.15
35.35
32.05
28.66
25.61
22.47
55.68
51.54
45.93
40.40
35.33
50.67
46.99
40.31
33.19
26.03
40.89
36.67
33.10
29.70
25.93
39.46
33.84
27.87
23.82
21.36
44.86
37.80
30.98
25.36
21.29
41.29
37.66
32.48
26.03
18.82
51.16
45.61
36.50
27.90
22.90
40.39
33.87
26.50
21.40
17.98
35.84
31.23
25.44
20.29
17.34
36.25
34.98
25.11
19.95
19.57
32.15
29.80
25.69
24.89
21.70
23.69
22.60
22.02
21.45
25.96
29.78
25.33
19.81
15.79
14.37
31.44
25.70
23.25
19.61
17.09
100.00
100.00
77.87
63.04
61.56
42.76
38.98
35.44
31.73
28.53
46.48
39.83
32.85
25.82
19.95
37.30
33.08
28.99
25.12
20.48
41.96
37.60
31.46
27.35
21.34
50.24
42.73
29.38
24.13
19.54
38.61
33.45
26.89
21.45
17.72
44.34
40.42
36.35
32.84
29.08
51.91
48.05
44.12
40.08
36.06
36.09
32.52
28.91
25.59
22.44
51.75
48.19
44.01
39.25
34.43
52.25
48.47
41.84
34.93
27.53
41.66
34.99
31.86
28.48
24.79
40.82
35.25
30.06
27.30
22.81
45.66
37.00
29.21
23.11
19.04
40.99
36.57
30.41
24.43
18.36
51.77
45.78
36.17
26.52
21.83
45.61
39.20
32.28
24.40
18.85
33.87
26.43
28.22
25.03
16.05
31.40
30.27
30.68
23.10
20.13
32.30
28.34
23.48
21.81
19.42
21.31
21.36
21.70
21.33
22.53
29.78
25.41
19.42
15.88
13.75
34.01
29.34
25.33
22.61
18.99
100.00
100.00
100.00
100.00
100.00
43.88
39.68
35.71
31.92
28.15
50.91
45.17
38.68
31.28
23.90
39.73
34.83
30.23
25.74
20.98
46.26
40.10
33.18
27.30
23.93
49.24
41.89
37.91
32.38
25.29
43.59
37.49
31.03
24.60
18.56
43.83
40.14
36.37
32.82
29.23
51.10
47.52
43.81
40.03
36.28
36.12
32.60
29.10
25.78
22.54
58.13
52.64
46.97
42.18
34.85
51.54
47.85
41.60
35.18
28.26
42.85
39.22
35.36
31.86
27.71
40.14
35.47
31.28
26.52
22.82
39.19
31.83
25.20
19.88
16.25
41.90
38.06
33.04
27.54
20.43
52.24
46.37
37.20
27.97
22.71
41.98
36.50
31.32
24.96
19.14
35.89
30.57
29.46
19.26
21.83
37.31
32.23
28.34
24.10
18.24
32.63
28.90
24.78
22.65
20.62
21.39
21.62
21.85
21.57
23.13
29.76
25.41
19.32
16.00
13.38
31.33
25.77
22.82
19.50
16.54
100.00
100.00
100.00
100.00
100.00
43.60
39.83
36.06
32.26
28.54
49.36
43.05
36.17
28.88
22.55
39.28
34.89
30.50
26.67
21.98
44.77
39.01
34.89
29.88
22.31
46.69
39.03
35.06
32.24
26.83
41.47
35.41
29.48
24.08
19.41
40.19
36.95
33.79
30.48
27.28
43.34
40.20
36.89
33.56
30.23
35.94
32.63
29.36
26.25
23.21
50.70
46.71
42.09
37.18
32.35
41.91
38.82
33.57
28.11
22.29
37.68
32.11
28.71
25.17
21.81
31.32
27.83
31.14
27.70
19.44
38.53
32.70
27.13
22.39
18.58
38.73
35.22
29.78
23.22
16.13
50.62
46.66
38.81
30.08
25.09
40.90
35.33
28.12
22.49
18.26
34.28
51.81
28.24
21.57
17.76
41.47
29.99
32.16
21.93
17.32
32.11
28.86
24.51
23.01
20.77
19.56
19.61
19.97
20.07
20.58
29.76
28.04
19.38
18.74
13.54
26.85
23.89
18.65
18.53
12.57
100.00
100.00
100.00
100.00
100.00
36.97
33.77
30.55
27.31
23.99
46.15
40.61
34.25
27.26
20.99
35.50
31.24
27.16
23.06
19.29
40.85
38.39
34.05
31.47
25.60
48.20
41.10
33.79
28.09
21.68
41.43
35.30
28.35
22.47
18.31
42.87
39.34
35.82
32.31
28.93
49.34
46.11
42.50
39.07
35.45
35.71
32.30
28.96
25.58
22.23
55.64
52.04
47.63
42.40
37.27
49.12
45.80
40.12
34.24
27.89
42.37
38.95
35.73
31.72
28.13
39.53
34.09
32.05
27.08
24.66
41.94
34.56
27.86
22.61
18.86
42.40
38.43
32.33
25.75
19.75
50.36
45.80
37.88
27.73
22.34
44.73
38.83
32.21
24.50
18.87
28.28
32.95
28.12
24.95
15.83
37.13
29.15
26.50
20.93
20.94
32.66
28.39
23.74
21.32
19.13
21.82
21.57
21.66
21.28
23.58
29.77
25.45
19.32
15.93
13.39
32.89
28.15
24.50
21.39
18.20
100.00
100.00
100.00
100.00
61.61
41.54
38.13
34.82
31.39
28.10
48.66
44.32
39.08
32.11
24.32
39.87
35.65
31.20
26.96
22.58
43.21
39.06
34.92
31.01
27.43
50.08
42.76
36.29
31.76
22.17
44.07
38.02
30.94
24.18
18.77
43.11
39.32
35.60
32.01
28.62
50.40
46.57
42.80
38.93
35.34
35.49
32.02
28.65
25.36
22.20
54.05
50.29
45.54
40.61
35.73
50.74
47.00
40.64
34.31
27.89
41.74
36.59
33.26
29.94
26.44
39.92
34.66
31.51
27.39
24.09
41.80
35.12
28.92
23.89
20.30
40.56
36.35
31.17
26.54
20.98
50.35
45.28
35.99
27.31
23.27
43.22
36.59
29.76
23.39
18.72
55.68
30.97
28.62
25.04
17.57
37.48
31.47
27.58
23.06
20.85
32.27
30.46
26.30
23.56
21.70
23.20
22.98
22.56
23.00
25.14
29.76
25.50
19.31
15.99
13.32
32.27
27.60
24.02
20.87
17.84
100.00
100.00
100.00
100.00
100.00
42.02
38.35
34.86
31.31
27.90
49.79
44.17
36.79
29.13
22.26
38.88
34.32
30.13
26.33
22.30
44.03
39.56
35.29
30.46
25.89
47.91
40.81
33.64
27.66
20.95
41.91
35.64
29.14
23.21
18.59
41.69
38.24
34.82
31.61
28.28
48.31
44.91
41.40
37.95
34.53
34.84
31.63
28.40
25.20
22.10
53.64
48.52
42.86
37.40
32.73
48.74
45.25
39.44
33.64
27.52
40.96
37.53
34.20
30.71
27.16
37.11
32.61
28.57
25.15
21.83
43.39
37.01
30.74
25.34
21.45
42.35
39.21
34.68
29.46
21.90
49.68
44.88
37.29
29.31
24.34
38.51
32.06
26.98
22.74
19.17
39.07
47.14
24.95
21.14
18.21
36.40
30.94
26.84
20.38
19.78
32.97
31.67
28.75
25.74
23.65
21.18
20.98
20.84
20.65
22.27
29.79
25.45
19.34
16.01
13.36
31.55
26.42
23.39
20.13
17.26
100.00
100.00
100.00
100.00
100.00
40.93
37.40
34.00
30.58
27.18
41.93
35.65
29.72
24.76
20.26
37.07
33.70
30.27
26.86
21.75
44.13
39.69
35.00
31.50
27.10
46.01
38.05
30.03
26.06
22.20
38.55
32.55
26.54
21.76
18.97
43.69
39.87
36.02
32.38
28.79
51.18
47.36
43.32
39.56
35.78
35.75
32.26
28.75
25.53
22.27
49.09
45.40
41.34
37.19
33.22
51.33
47.66
41.31
34.92
28.42
42.84
37.14
33.98
30.42
26.79
39.27
34.52
30.07
26.02
21.48
43.47
35.83
29.05
23.75
20.03
41.73
37.47
31.65
26.09
20.47
49.67
44.93
36.01
27.12
22.36
42.91
36.70
30.34
23.54
18.60
34.10
31.01
28.97
25.20
16.98
30.62
26.64
24.31
21.33
18.81
32.23
29.30
24.99
22.82
20.78
25.98
24.05
23.00
22.08
26.53
29.77
25.41
19.31
15.88
13.30
34.42
29.76
26.03
22.47
19.72
100.00
100.00
100.00
76.98
61.19
42.79
39.07
35.28
31.64
28.06
49.17
43.10
36.60
29.23
22.52
38.64
34.22
29.96
26.27
22.39
46.02
40.52
33.84
27.42
22.66
50.40
42.61
36.15
31.48
21.20
42.63
35.99
30.08
23.33
18.30
42.73
39.60
36.21
32.86
29.43
46.97
44.11
40.93
37.75
34.27
36.65
33.40
30.01
26.76
23.45
46.33
42.40
38.32
34.00
29.70
46.89
43.91
38.53
32.60
26.09
41.24
38.14
34.67
30.77
26.76
34.31
31.34
28.64
25.15
21.93
30.97
23.87
18.57
15.06
12.87
44.60
40.69
34.47
26.17
17.97
36.10
35.35
31.89
27.32
21.87
45.79
44.22
39.29
36.40
29.34
36.68
31.11
28.00
24.71
22.32
34.54
41.07
27.93
31.67
24.08
32.00
23.81
22.85
21.76
20.11
18.85
19.28
19.14
19.79
22.53
30.82
25.84
20.46
16.40
14.57
30.51
27.65
21.57
21.66
15.11
100.00
100.00
100.00
100.00
100.00
42.12
38.91
35.61
32.11
28.57
47.16
43.31
39.97
37.09
33.03
40.33
36.54
37.43
28.15
24.06
43.79
40.22
34.86
31.67
27.11
55.82
48.35
42.50
38.77
35.83
47.03
43.09
36.94
29.69
23.46
