37.80299093875009
34.84494293241661
31.764322314463058
28.818155521068675
25.826092938687275
43.566038197166066
40.74319337192628
37.77005645042965
34.79678930137054
31.795666121245283
33.00229464606134
29.899082391152856
26.906810885459844
23.8505205401357
20.888632317606643
42.69543041868503
39.71688580130269
36.66648525958068
33.87494268725376
30.650050757150602
42.24100892504104
39.345294557667295
34.40878853828232
29.379915382215458
24.126030432389747
38.19188719189415
34.6287180766913
31.775738010238467
28.76545207667966
25.501514110206575
36.26273917716222
32.16312193600481
29.92084751972138
26.079530763316946
22.517711324380222
34.611234788308856
29.401346265152355
24.49101782343876
20.565975697026232
17.745431605033758
35.30856314255408
31.81445072329897
27.142250481063673
22.88756750396797
18.670284024237063
41.12246108250491
36.56115119760748
30.08074417908244
23.690107205470824
20.171257084692947
36.97289320079445
32.70721126626547
28.321762518215195
22.92227038022957
18.142472347417215
32.33405765021788
30.744480142304656
26.35170320305326
23.456165030040133
20.851588795891832
34.6914203484316
26.83509312713403
23.68088025609517
21.99340229956583
21.669565514640368
31.21644466172544
28.10907083343001
24.171722248654575
22.30441877480188
20.23854093050101
22.844549053079607
22.072744759612174
21.776156845766216
21.23435151562239
22.452626786391793
29.75000573072199
25.321106116348563
19.318003094103766
15.778167979152972
13.389048113310636
33.056138092064415
27.06500534871462
25.106697347366783
20.289727121344843
19.088131323318763
100.0
100.0
100.0
100.0
100.0
37.370081461368265
34.41479926588757
31.41863870001551
28.38614577926353
25.410216616173035
41.02108022664595
37.39087660641141
33.30923301309223
28.22202753874666
22.374983072335475
34.48832593348354
31.04022757945343
27.570286751397152
24.146916968701433
21.038717443576257
37.216217384292804
33.30901056268641
27.67808324240493
25.97830772223602
20.527533363308095
41.83162598909685
36.74702328275162
33.45051933940033
28.903852280524372
19.50415933122173
35.80047450894779
31.614958521355373
27.07711233003259
22.216610620787517
18.013551484280995
37.84974785322671
34.80999589223879
31.832602710837094
28.817577381493926
25.901320728200652
43.6113689682543
40.783041944076565
37.828968385969134
34.83825009689544
31.814720173182955
32.95884776896909
30.010623265894477
26.951668044255577
23.846448931316402
21.00738250077086
43.093333448811606
40.072504166203686
36.92320357673823
33.561913506893575
29.98378823009403
42.23106691387703
39.33449132942539
34.40274073914718
29.405387453926437
24.131851652634854
36.74528757745711
32.88898264030071
29.60533709498666
26.58447570787152
23.5539174204225
35.735547916532695
33.21091894831576
30.54226849799218
29.375030283822724
23.21934890351696
40.229683158845546
35.10062686224122
30.23751238739208
26.175150150436032
23.018733210833567
36.062960256455
33.53858919355774
30.31217758559716
26.908965666467566
21.111346426406435
42.34458333125097
38.1346536044543
32.35296669959239
27.070638392924277
24.107800239404632
34.73094155980569
30.2603964273019
25.50896245958329
21.955097047359452
19.184832304296613
46.05607670292201
30.14693908804659
21.098374825028326
20.231336145702116
17.919652988134512
30.721101505255906
27.798097129852337
24.39454167642111
20.47393677667523
17.819703370885534
31.33251857209096
31.88523761685699
28.664394486872496
27.373437777360348
25.336239639377467
23.773270188448315
23.117891945855597
22.93054780853243
23.08156147398146
23.187383443152967
29.733628573569028
25.329150117218337
19.35398516674894
15.799687237128454
13.708056063020354
36.626502293612326
31.721883569523644
28.744543180517805
25.736432205898275
22.730865480664466
100.0
100.0
100.0
100.0
100.0
38.56393650402366
35.52345003288474
32.59724180034788
29.544811656514117
26.53048645722221
39.41406682664783
34.33406839915738
28.810106588787114
23.703596151897774
19.42866409439317
34.154792897490836
30.867269905336286
27.80999838501456
24.769009307591404
20.9718329262993
37.257691955410095
33.89759764915293
30.31099799104279
26.21758796949498
21.09388196405937
39.834876697047925
32.80195107469704
25.069873136372852
21.62299573981342
19.87510265244041
34.346191695309564
29.63254375195042
25.05072166848918
21.498414811422148
18.78572460230029
37.83170872284468
34.89983337529989
31.85404362371587
28.78925982606787
25.841850394471045
43.518259560299065
40.674526777426685
37.71710352420182
34.71564179442458
31.693445409293343
32.968888682567645
30.041533796502556
26.93657085761911
23.957788179958488
20.970592439535032
41.859849307777914
38.64383754151823
35.68407741370828
32.401177086990245
28.936780797922296
42.11292859690687
39.23257509854436
34.30442681727379
29.26811988036682
24.022494172375445
37.46750817538557
34.27442136444011
31.19629945827711
28.0728295864616
24.930095620739596
35.46713423953814
31.621548867502177
29.018830251000274
26.124072179396414
21.146593003438184
40.20927159816637
35.03908480156733
30.104085750213237
25.904657344794334
22.547919784980177
38.83196993365945
36.18081565740256
32.34941224070656
28.079722324213577
21.95805110187508
43.198898836998154
39.495264310302176
33.778503831519316
27.812464656353825
23.71670302278577
34.52333608202136
29.45241703751225
25.178416595056625
21.288157642792065
18.664438592987686
32.22675433688063
29.555607545227332
21.746912004436926
20.282338495878754
17.609960738149958
34.31726619701392
27.33798810385207
27.356743720710874
20.010448526846428
15.881350445246783
30.25656022615617
31.695576045505327
27.900800193510186
26.530453689273408
24.623538936504744
24.189620331513208
23.734096497165204
24.237769711534504
24.270948602600683
23.80289035481937
29.76581721202337
25.440478583408527
19.396055522397987
15.910828161775433
13.521580835819007
32.94906649952988
28.268946798327484
24.993416038740648
21.659169527779195
18.977287273891637
100.0
100.0
100.0
100.0
100.0
37.02136540271902
33.96842475697722
31.039380898502536
28.01681355566445
24.996834622302067
37.814513296459126
33.02901465656254
27.867912406409985
22.97610231112591
18.74209609405885
34.31840221335102
31.21891974868438
28.242404378689578
25.294929832672217
20.970456846573544
39.32308447038926
36.1648275465281
33.1656421049646
27.658901731283137
24.816785729895084
40.023767401747705
33.34699842924892
25.401211303466514
22.116257680310405
20.011454739952008
34.0617477192237
29.316731795919623
24.559590001060577
20.821884396585027
18.360728913872755
37.76825048710173
34.83587012416368
31.804747524110994
28.85346377205898
25.8434433918243
43.56144092577626
40.68339588788709
37.73573684166193
34.834269103972815
31.753831470282996
32.93742106769405
29.98559749137693
26.86796549925639
23.93950429191247
20.94511410330126
41.03962385317943
37.99773900890745
35.06216498969687
31.741288329832887
28.394552581859223
42.1924284328494
39.30420033190917
34.37583198470391
29.363128483895938
24.059514447733935
37.713615165352124
32.915515272409756
30.19456579053457
27.057057787870782
23.931590886941137
35.62235708377608
32.06634999279509
29.94428009155055
25.28405154368692
21.376760274720425
41.67680500528768
36.563941318686325
31.626603877253125
27.295406968728003
23.727052236717135
36.967002948735946
34.61162266436
31.71416567366883
28.04950711661839
22.076197930268563
42.83697420392944
38.72923540025683
32.976876017710374
27.48600083282036
23.791133370488676
32.709518932238915
28.26217223573801
24.620429139303006
20.87893641480698
18.504983051625373
31.346392881973507
28.150819136616363
27.33119373760629
19.5626337073777
18.016203447911636
31.78219416623198
26.612991563744597
23.349198504144667
21.10717713411635
15.988538501808057
30.277146414411735
34.38350032364558
29.65379085607286
28.300579386355643
26.280128433662462
26.386243999637845
25.862631233528166
25.350381297579702
25.546920890353377
22.38395968972064
29.769022245741734
25.32344626562841
19.344943052133374
15.786794291833283
13.578387385773487
34.28169955232475
28.689541286423346
26.36657843293538
21.94759477514758
20.354639274176144
100.0
100.0
100.0
100.0
100.0
38.02139356291196
35.087795829094205
32.05644845702793
29.0368011401371
26.059898968086014
37.79466215976049
31.869556614681855
26.55072522425979
22.216532729159603
18.41284196491501
33.63543343562686
30.603888311188236
27.76434743473228
25.089799052604643
19.74958225828447
38.039314947634246
34.97451202745672
31.41636860351023
27.586150467561637
19.377753145043886
39.937526426486166
30.339549373706923
25.167098546201
22.784652387347023
19.375382402335696
32.61774103837565
28.04422182784474
24.097588077023268
20.945515360426675
18.168864866981288
37.84314954730786
34.85225480583638
31.922706289198445
28.96974940975104
25.993045234405272
43.5754468291894
40.698036450976005
37.717918984831144
34.781448074317275
31.6950504382381
33.00761003461147
30.080480868365154
27.111764027674916
24.143475570886782
21.137843033094107
42.15376900794702
39.26075702325145
36.0649507808646
32.879418615956794
29.5207802073378
42.13625692013841
39.2438790191163
34.289665463969044
29.131411192791603
23.48988839246434
36.75178616966375
33.173269840965965
30.218271839345974
26.967494256864356
23.71117194068384
36.72615675505795
33.03620692123388
29.289543699458918
24.928823572077988
21.318100806598252
33.870400304109225
28.668438547551
23.411791439910672
18.799969913091104
15.351017790116984
35.90738564341226
32.68705161438106
27.734363429517522
21.810447237421396
15.94974823623205
41.2158043305833
36.571370080544206
29.93371936953084
23.07104004259022
18.99470212534123
38.01390749867265
33.36390281132609
28.98258519308818
24.41296298868916
19.241081183258746
31.820622615039937
29.6379303796451
26.382099395198544
19.393941859083412
19.02110678034347
33.328832615719094
40.25272359930335
26.590223044165022
21.468905774416047
18.19528234082639
30.608276994963184
25.20116546883507
21.107275937470924
18.872660530910863
16.553490378419315
19.56215227674413
19.862905636051554
20.261867503251622
20.54649017532945
24.816669126799397
29.78893584108025
25.396687682591566
19.53131160682639
15.88716852611695
14.023661250361158
30.029484855847187
25.333715645118794
22.0691809345552
19.38356921602846
16.037732052301198
100.0
100.0
100.0
100.0
100.0
37.27297842278145
34.303782694405115
31.29496964775294
28.244764459271977
25.195345518498314
40.646828578415814
36.7212419235275
32.580285647925265
27.92292016926929
23.082060704531223
34.56976197239635
30.893300971340764
27.404927877894526
23.823763847223027
19.793455168890745
39.510858081771964
36.01785726947569
32.18914832194714
27.06700625332672
22.888462376068016
41.230040133518536
36.40573689901024
33.57847589643598
31.43231407403
27.779619614647608
36.063922847823264
32.08707456220101
28.034711765014325
23.734922088343986
19.124927880819623
37.795233071827504
34.86433218848511
31.782040854900476
28.81965374834784
25.806103591186442
43.22763184237787
40.37174550673713
37.37548585306512
34.3605430607056
31.323601546701884
33.15285469871619
30.110515587251175
27.048819885810257
24.19670962474798
21.205783546272883
42.22588116906853
39.38476813743933
36.315662542292934
33.07952914360522
30.28568425035619
41.68620524540097
38.78484045114158
33.83828464873507
28.75167335040471
23.373249319464335
37.29492954215048
32.309585986568436
29.143039451319353
26.071103878114656
22.979589643183086
35.08465938042561
31.447004313492442
30.314565333299704
26.415261581472848
22.83708348250174
34.10683644191023
28.91478643436738
24.132809936784454
20.373490791303006
17.640299613711974
35.57492822675458
32.25104628601355
27.568708530607488
22.816253440651074
17.777495121970553
41.580242133852636
37.017958953277684
30.494263789757284
24.00922639672921
20.464543244605096
36.64630461194539
32.2956952376224
27.941584961581576
22.928586372422266
18.20776533873229
32.66669760525338
28.172768909538476
25.719039346977684
23.249908813173583
18.70463756668712
33.682499307228916
32.04949890931226
25.366978120867138
21.69492742993864
18.76837408910647
31.058938839255706
27.436817589193968
23.16317397135981
21.378462214946104
19.465595135350135
21.67074737600607
21.191834928440805
21.004013616617748
20.506320004427813
20.679930104922676
29.75670946627161
25.7052898791489
19.308385189384204
16.35593661613126
13.336117083201643
29.618620682189402
25.772906433705334
21.58734891156768
19.805566894552197
15.57586045619538
100.0
100.0
100.0
100.0
100.0
36.662728967039236
33.65896072510642
30.66084141557457
27.652272693131692
24.559648562317342
40.31480810017455
36.65223410699626
32.42807102834385
27.803037247650945
22.193020022513323
34.257040401580824
30.83625155261743
27.39585414596348
24.019957913659304
20.465702906712817
37.92948753357896
34.212843510789384
29.684392571009
26.557428903679057
23.247086702193215
41.8474518020419
36.74531206338859
32.349157386092976
29.22301161596476
19.27624436180465
36.03019626786757
32.01220280191008
27.54604870205791
22.734403705888134
17.972061064909774
37.78521742203087
34.852368214904516
31.7806338412232
28.79823887318733
25.793506141162407
43.60384688467333
40.722716445228016
37.734647129423976
34.78233000442793
31.768490328991493
32.96873869230422
29.95476375512446
26.95064548282696
23.901877718642893
20.89764454594729
42.63801901318297
39.621981086568795
36.64579016334914
33.38951761738043
30.20415648117091
42.21114841030221
39.323088353085865
34.401911311668286
29.364243121588117
24.07315046950511
37.60846051976743
34.57744805179347
31.644791846816013
28.58833673705965
25.501833094338263
36.04547594682942
32.322029404294284
28.14267425010207
24.510283617582488
21.350462946299714
38.20860071580508
32.96112065663955
27.68914047272137
22.716043608504577
18.464835858306394
38.10584623503486
35.27862285446084
31.05733063093583
26.116583758546227
20.222856094872228
43.1783078756413
38.9384662694573
32.575880329811376
25.782912794698444
21.70768972747514
34.75858894942534
29.937952444485944
25.38218584769208
21.07031593456448
17.69321856228109
45.06902798359575
28.758982216032592
25.328016885668152
22.67344016768591
16.43345226938466
32.01065598802264
27.856502106776688
23.509080808016016
20.047430076705087
17.397368048051664
30.241086764326464
29.627831647620233
25.45995274090523
23.12160006874403
21.610689757313747
23.521679780897664
22.69449939957742
22.451549673336842
22.49558238811899
23.024115044237657
29.7648764863351
25.3275548062499
19.330623450560903
15.799300192558892
13.450437535211886
32.735547649034906
27.020330824596304
24.78161236088284
20.45577509303612
18.76693101588881
100.0
100.0
100.0
100.0
100.0
37.321389197819855
34.428279825297594
31.369765542443172
28.40008790316478
25.395844053295118
38.336913411874214
33.57117312106057
28.375289351570117
23.723994170000058
19.174204740466564
33.85190196824041
30.658292451247018
27.482703659414653
24.4633354509442
20.475708981236966
38.450089967782375
34.84301770714352
30.655404987402306
26.716174753180667
20.78141647137333
40.67245427741092
34.31192891422141
26.4258442573253
25.018689081286915
20.400121363921052
34.3570992863831
29.836217413659543
25.162812073887824
21.025232916913815
17.743488601706723
37.79045137777554
34.84924382161603
31.857305621504075
28.845237600206378
25.899195369514896
43.40859260929992
40.448453801885044
37.499037033758185
34.499478713061706
31.442798698366733
33.123355463214814
30.17259930436774
27.113779720516604
24.107738902767117
21.16914251678378
41.63694095743083
38.805413997954126
35.69385025775208
32.51941182046359
29.27412452918943
41.99599708825484
39.09129216041107
34.11646562013939
28.981185421430382
23.44819102632059
36.70051177651117
32.32692011228563
28.863578322838297
25.612813162778338
22.47085310432411
36.26037497851366
32.581877252659204
29.89030815920206
26.050264367896666
21.885397724381978
31.98031223043888
26.719690871177242
21.67813532124783
17.455029182464287
14.185100063267198
35.65448836231731
32.61979668648293
28.2472341747904
22.99425623192139
16.824585657779476
40.971443234254934
36.45790520665588
29.98659501527665
23.566536635747262
19.65694542687203
37.05224033246339
32.52499511036081
27.978530146024507
24.3733924761413
19.360869024732132
34.38972060698545
30.287608068557056
25.852312992583542
23.99182654724623
15.782467180785165
33.766937379893506
25.8227189448752
28.328422098480846
23.06295968133694
17.597160873585842
30.673419347208085
24.790096444006068
20.176821284330515
18.98603464374784
16.340190587332504
19.356558707635703
19.56180654803994
20.216441030333637
20.592255858743066
23.49360606380361
29.760419457402683
25.591212284785982
19.318194588215547
16.256992124155335
13.409391734892559
28.540978539978084
24.352581951876743
20.524359079579213
18.836783576073113
14.514458673815598
100.0
100.0
100.0
100.0
51.27553670985677
37.20323678531194
34.26892733097255
31.227266599774236
28.086222024788814
24.926474350012377
40.774241233798435
37.00583669399776
32.68783503899367
27.794667986766495
23.152570576344928
34.52701259014665
30.911934838506795
27.477213619019775
24.090151937841373
20.380726862821312
38.164759711741006
34.284734631314855
30.502812219795615
25.984302306137725
21.563787782595565
40.57050509161398
35.663834828551316
32.56355030121196
30.680254127738678
28.558073284950197
36.571606180419835
32.365749855694844
28.177604014498456
23.775450533240665
19.24259038555945
37.78703906330751
34.83692244590098
31.839705143964384
28.826592053327754
25.844628394201898
43.57665026284374
40.754058378234674
37.74845862770773
34.7324645506268
31.757693934819578
32.988970226473924
29.96764404533733
26.923223131242437
23.94150208549608
20.898422699049025
41.59203814675262
38.67311814629021
35.501150087981074
32.181779108920864
28.826812161642415
42.19844287778634
39.30631391478297
34.37074823213624
29.344634029610212
24.098831848089887
37.648652510062234
34.22517042295736
31.413318310897505
28.256283302714383
25.0659330442596
36.40276871732049
32.870108042116705
28.972869740103736
24.493631317103905
21.573345170605627
37.25710157398447
31.991244875551978
26.735406521479952
22.003236898810307
18.199367847349805
37.75357751831319
34.946276395705354
30.906256326017534
26.40413651135691
20.189411235782643
42.67275734522238
38.672402475928465
32.68718329035768
26.174083800733122
22.286819262973204
34.7400703817745
30.581610478553213
25.881406455931945
21.180036002570482
17.411122460852194
33.54823492247513
30.650792560891716
25.83101291666739
22.72614202552361
17.443924142121165
31.47760327678555
27.480862036016145
23.130105763150226
21.33573386016664
20.987122976355195
30.121627662259534
28.655722134710228
24.268196795355067
22.38436718256324
20.575312489082958
21.59039496468694
21.450753529336673
21.230177291315663
21.23165153886235
21.713085009108536
29.746509372465937
25.337625449700344
19.31093519071626
15.805970745929425
13.35536939868604
31.130827343769152
25.38683142354085
23.193252924800333
18.921611760305964
17.1658374466567
100.0
100.0
100.0
100.0
96.78179867767713
37.49052074659422
34.50293173617138
31.613102656410952
28.549406734747876
25.567645168866232
38.780662482982216
34.01732114123202
29.041837488012924
24.114790191964882
19.420079086692475
34.17926463877032
30.951934828618498
27.7806774233362
24.870757719119933
19.680275769016433
38.627845313693825
35.129326373838
31.492973316681933
24.806959359885262
23.34125597680883
39.74045490191076
34.74464959001918
29.358823464477844
24.700670425011268
19.664940259497566
34.82760059995391
30.252398370231823
25.419358902890146
21.101405806509078
17.325354628301007
37.779580816303465
34.82037693643182
31.776571333267153
28.778720636444778
25.775185155401484
43.44906396640701
40.569761991733856
37.580028844204364
34.59910855661408
31.57422113405501
33.019463162409835
29.99433438298722
26.96040786314127
23.906361693797148
20.948701966858792
40.780885959132185
38.25338641640618
35.23844144862402
32.05698810962539
28.87045816477293
42.04454013701964
39.14866016364122
34.21406269706408
29.157849384919693
23.875445240299786
38.24366243768017
33.473836011974456
30.50904866535546
27.347410220818364
24.37204420651016
35.80762715484719
32.484271355348405
28.649905030594983
24.28185029513363
20.891166074493555
38.28092380128322
33.075275107718646
27.97829193031161
23.53849277079712
20.028540775415713
37.09749482479173
34.37968999100541
30.18930242483328
25.46018588272657
20.261775068703912
42.47650412877627
38.38947147960466
32.32471370818155
26.07437446218444
22.26120095239154
34.38069584940882
30.02232273306702
25.038660419100633
20.78553102035592
17.29244540951398
42.880940165804056
30.870452333817674
25.580183378971398
19.918189016141728
16.226377699764328
33.60143587953676
27.011776996827628
24.188809480445357
19.390158271761358
20.27295406750207
30.24811893804895
27.925867355842435
24.103317706127434
22.18291366345931
21.067213994342488
22.368327167576574
21.895162086708325
21.81801241160365
21.804246051038835
20.661765780555484
29.75507920367434
25.39700431982594
19.311693499945775
15.878540990013349
13.402061203996816
31.68396547171222
26.67326463931079
23.77973150831369
20.615244475243447
17.746310961538082
100.0
100.0
100.0
60.79718272958082
49.93197220926558
37.2663745098935
34.35476962264647
31.281638998855016
28.34938640310832
25.327666001485806
38.24666325246299
33.4817663576291
28.493094570120448
23.695556636344467
19.022498075316395
33.862869627491236
30.54137692310207
27.53436426787256
24.49599306999926
20.103072620154954
38.0557418009263
33.968044553384665
30.108111847340354
28.437713456102436
23.398615074344846
41.170674517122336
35.09437409099759
26.097357691948012
21.01666595287992
18.114764821511887
34.62562884398116
30.100077716557404
25.01222035483883
20.645034625710302
17.10048435414081
37.82124585197586
34.86645628665186
31.870453013499617
28.970681563096825
26.021087640395866
43.628472574547914
40.79890593546523
37.80971088301587
34.86116262779368
31.800886699008608
33.00810340947336
29.951854235268716
27.023175078395024
24.039608508908064
21.146164986246553
42.51751003274897
39.97284786325113
36.89910538889418
33.76397382490123
30.513090242323248
42.21669844066683
39.353312564360394
34.42591144765612
29.24971012953101
23.625867809621198
37.05873962988286
33.75625018958962
30.66246576299621
27.4954797070267
24.121001310772318
37.30896988168133
32.68851810988697
29.90603101044293
25.889000859028496
21.485544720413102
35.86690252326421
30.68642338707604
25.750412752127453
21.658949456769925
18.58992148069967
35.84717019223869
32.883233414397864
28.564184367541007
23.648463339272215
18.1291374922481
41.763503711535336
37.343953368047345
30.986044208845552
24.771092806705674
20.991106467475625
36.34722354335573
32.033117096616216
27.68719074091189
22.487111669953496
18.10159711158144
34.06855559112319
29.35779595316406
25.928822182376603
21.892428659053355
18.488770235043276
28.929685504247765
29.61174154404944
23.21460687296142
20.485688370821222
18.052674752107865
31.195224373074318
26.56284502342292
23.09560595695825
20.970477689466094
19.496647708072487
22.142914474035102
22.09478573028673
21.927049909057416
21.663142180900614
28.942781224817992
29.743782730683677
25.359304176692238
19.554819260453577
15.815033317121415
14.017002996026278
31.792855603010842
26.138259101374224
23.791275515334508
20.193261045596795
17.77073816774547
100.0
100.0
100.0
100.0
75.47749492834159
37.499640508491
34.47548544975107
31.428776238565156
28.427436672181866
25.420668027352477
40.32832164769994
36.331196054659706
31.97476800213844
26.88191952973479
21.423865011291745
34.30369235686009
30.928949932195245
27.380219641317005
24.135016912815665
20.29932312889807
39.07341226693581
35.49610217572863
30.73496572839251
26.914081393968683
22.779610473571516
40.921386717820496
36.05546975296839
32.95327908789969
28.269807468017923
20.934524395991932
35.97896347244868
31.786789849156023
27.29425565234143
22.24643969028403
17.80336327170587
37.8162599135877
34.86390020982729
31.78313761809006
28.76409011064827
25.898208921757803
43.497025113015575
40.63619910780341
37.62007609102569
34.620477882527595
31.62285227334426
33.06155090871257
30.021884982277086
27.042114612075906
23.925696157497963
21.074884395041316
41.97788857568662
39.181333558988996
36.02491284054216
32.71268590168626
29.407244467838648
42.05177924428018
39.151710270459446
34.191321636901144
29.13329148465611
23.86375225575279
36.83582643054479
32.18903398036404
29.023780020425058
26.08930601472789
22.841648197037223
34.62823791296905
31.727734378425055
27.42020736598991
25.838095653357513
21.67404673171877
36.51367040000927
31.299736804381663
26.563605880772663
22.683478624195605
19.476291946813124
36.23054905010389
33.73042298852241
30.270198256676288
26.42630198279399
20.283751801856873
42.56374646093877
38.35468069262794
32.307917453331264
26.78019084693166
23.474819478459665
34.21080968565743
29.621601018101742
25.022524584881715
21.159963524086827
18.197627805254903
43.92950604066137
43.16949863015262
26.208498466165825
20.135776613833656
19.119759026890478
30.377299958014788
30.01912039593392
24.76058665068324
21.00012228095863
29.021024487570664
30.77921639087061
30.140670338978644
25.62945653818549
24.14454130869185
21.781578180698425
21.343762974075208
21.301453178046955
21.37731973897867
20.705850638807448
25.535329638375735
29.74614636192409
25.5205810606256
19.304584312243595
16.05894156630145
13.295337302276929
30.805440910738547
25.56937141603367
22.874526850348115
18.96051530017201
16.872060460372104
100.0
100.0
100.0
100.0
100.0
37.23902763136426
34.242002325789535
31.263670832302108
28.23439819807096
25.189889659594165
38.46900810295771
33.4153593790907
28.31841108457345
23.310356494099985
19.054049473503117
33.730649204989774
30.53474871589517
27.627987934492594
24.696783040972075
19.04023436430326
38.52817008832628
35.3303648197407
31.752482815839677
26.740258659308314
22.43334762550297
41.32788776493203
34.9750090199585
27.866269803323682
23.754234157335436
20.12167724561011
33.8921264894828
29.75229841366176
25.078645343182803
20.70351482583648
17.725539534221447
37.79030834408371
34.83397180280208
31.804782040561506
28.802545791243706
25.831711718331288
43.47225751796404
40.58364173971985
37.55347176034747
34.574961248479404
31.555249290572117
33.01114376429347
30.040847636426967
26.95673341693563
24.03093784505762
20.988110576758455
41.76651061521464
39.37749771608394
36.283285739639076
33.27181882190166
29.948627182146886
42.03645967433799
39.126816161074906
34.18235525705165
29.126695292857985
23.81662247451495
37.51696132992607
34.30788789233867
31.09491699420275
27.93148350733672
24.779466078466214
36.86067812841054
33.28034077575468
30.3366741277242
26.889589150278553
22.318158859765255
32.69103503818914
27.582219568733176
22.811215112117278
19.019159456692464
16.355397256166267
34.62245939674156
30.94683555824765
25.998071499210248
21.16221516403889
16.610603796679865
40.08870641617084
35.43314241407045
29.063747240527036
22.645562594316182
19.039108825986425
39.366143805329415
35.210461226497074
30.47373584212272
25.730679747097543
20.092733034104143
35.0368775117921
29.397775316117123
21.671682995453562
24.182957376512505
20.380623505662683
35.37554130895678
32.40424858230665
25.731704210238533
23.36282790099495
18.559778152441314
30.91586460459628
24.120300904298183
20.155499328994484
18.959580133451354
17.153296479546164
22.622803158028933
22.3884593356831
22.499238904809772
21.74732754987966
23.55771411896706
29.765529418798824
25.472039489034458
19.324119852495855
15.978862439830744
13.401781693657263
30.744152451954555
26.847446884039243
22.88275088979649
20.576074651922298
16.85485056821538
100.0
100.0
100.0
100.0
72.64759416990415
36.868457384810604
33.910337537304315
30.859797361544025
27.812728009529785
24.74019462078811
41.59496637297168
38.23444834653781
34.53706731983014
30.620722520033027
26.047481547813476
35.092461203326216
31.476845986839965
28.109047193869834
24.514075015517193
20.887275034427688
38.08679047049735
33.91149408814569
29.713127948233247
26.29650106625578
20.770636056024347
42.817802704497595
38.02831093446965
35.00589362704665
33.022756633223636
28.696050758508104
36.80912225100559
32.968899126869275
28.827231983258347
24.72495096853546
19.91587035790744
37.856652142504124
34.80546514350976
31.809633438771485
28.80701330411724
25.852406177684134
43.604631827094124
40.7687233306147
37.76184781337455
34.8230055759876
31.807704225274065
32.943573256742546
30.012468930653856
26.90250014128573
23.93524820534569
20.998908052112718
42.432448627308865
39.73339130868532
36.65167302195447
33.48808273691529
30.228350148824013
42.2104179962922
39.31510509592217
34.39492736367056
29.366728842073073
24.041778055389837
37.631889073965134
32.71509510636382
30.0701860066631
27.007279070234308
23.691605139263068
36.94648008610111
33.25191080785149
29.109677226565914
25.7175664680734
21.208361615179946
36.14281086078326
30.951724062624756
25.809903466865443
21.38358031841741
18.11573483870363
35.3595928442224
32.16746312687653
27.89128308967561
23.32339000303041
18.48013149999162
41.37079166591604
36.87431150154234
30.41082027098423
24.003054708963525
20.358097248109516
37.593023268951136
32.81465427599185
28.31291879671216
23.254695491328235
18.890929280790704
36.304987418976346
38.40980591773251
41.974949270120646
22.90973361569126
17.838687509804398
29.462772142888607
31.490931482837144
24.46613339049488
22.636007323812777
18.617490843018526
30.712849096009283
26.310755502259266
22.416470173353183
20.51899859486403
18.698337781138708
22.330214763631965
22.593093458550616
22.829690266404693
23.054136814532228
26.663650469002995
29.763843524949234
25.33931306894049
19.34375327614527
15.831205340226106
13.526684924245458
31.21019780728469
25.57593602041201
23.26736500103019
19.294126262402717
17.25211549426255
100.0
100.0
100.0
100.0
100.0
37.255930273496894
34.30149912133945
31.184694055976895
28.186276455618664
25.138965117135825
40.85691554030167
36.9006021836321
32.38479378603294
27.099211592204924
21.619560942255895
34.62499446371696
31.021023170146794
27.56046042230235
24.200634945383257
20.744688240890312
39.45254672692331
35.9656669441463
32.968241725831334
27.312154856218203
23.37766300927683
40.158695804732474
34.84285836138374
30.70400220422469
28.19600646818378
21.692516298874025
36.05497745562387
32.059604195504306
27.72262361037958
23.077947862725345
18.35013841114337
37.90814188980066
34.90084204500135
31.923416574162594
28.932080472915615
25.986270074951644
43.22109221798104
40.38667261040124
37.36542543027417
34.322841124158394
31.206465455173724
33.114823173627734
30.268360332284686
27.203663449716863
24.2858138322995
21.38720510771638
41.015773759226406
38.09169396675082
34.85936496935263
31.543224844892155
28.259318924762535
41.802063528009555
38.87882825885097
33.84974854110754
28.63370774335564
22.977754149425444
36.12401238099952
32.61915423102125
29.360099128606144
26.243336860237527
22.973391314141963
34.455652128122956
31.203644868360747
30.30229870738493
25.71418340567503
20.63793780036445
38.54512707888995
33.359805520722375
28.447545404874077
24.211701988109674
20.665166232764683
37.06374900624809
34.456142730138296
30.50401732948579
25.418976850317488
18.344389106186892
42.608670353626756
38.69108424799345
33.023146968344605
27.182141043574216
23.543524035609966
35.07240525897465
29.811142905991417
25.233939208392954
21.052838215244574
17.93353043840997
31.25936357133206
27.14400942768139
25.66267694862556
20.199482250043733
16.921967347849666
36.245238379871004
28.635979858891258
24.353304530416523
20.16577312040988
17.434631982618562
30.269150672898416
30.974528018476658
26.599408642285166
25.33510442585492
23.462647668241555
21.750554442830634
21.34744191718466
20.792847401348325
20.53651264524511
22.106149770720034
29.804679966322762
25.744183581774692
19.56744745907838
16.227138568641568
14.04733243581314
28.84605461898837
28.078948062951735
20.772231612831618
22.207007343043568
14.800976333800445
100.0
100.0
100.0
100.0
100.0
36.695561586232614
33.52485847106851
30.382003666726053
27.18798465468311
24.074069225366785
38.78935402785915
33.93089344161035
28.94407013818617
23.6012098664252
19.121319577501488
34.03610787227364
30.63301144779531
27.128352770618132
23.357001216076604
19.057980725654943
39.03483401534292
35.71969799044369
31.655123286021983
28.195580106592825
24.559437266408647
40.821840333256596
35.1503115132622
28.003352183545466
24.95438511598325
21.982657087559087
34.875693930514345
29.90016386251961
25.0309442275535
20.897798336704927
17.664392235842136
37.77967400480259
34.8200467970237
31.773967265276248
28.785841370266
25.74906784097403
43.55628028913554
40.73435492953551
37.727727603103126
34.75859206159051
31.736710860289463
32.97656543758448
29.996280328811086
26.867202119059222
23.94304786602686
20.831307388214306
42.56104602133858
39.88725583088551
36.8378011619247
33.735789711433505
30.624555873465823
42.1686553335948
39.28225394394651
34.34624164362573
29.297682440928952
24.065698656524663
38.36349887553752
33.627289672151605
30.948612847709146
27.79147288839698
24.755927180430252
34.8387107854426
32.090144997480515
28.01491221421891
23.91218611584735
21.17941457238487
38.81002301326016
33.65212191266808
28.98138204346995
25.37845542924396
22.717966718595797
36.756562521188386
33.89250149508386
30.278209854164558
26.559318867758506
22.264505946632486
42.7840108470777
38.59080572652483
32.41678375967393
26.58651379771419
23.27339790680491
34.307050226886055
29.90576380600381
24.775770892674398
21.058786783309678
19.227622664242244
34.336060227403195
30.83402850294586
26.48403263814432
20.718523859085067
19.08542338841084
30.352598993241685
27.399219612793743
26.37904231986894
20.580389578553508
22.01511006624753
30.99157940892629
31.727568309305695
28.28763132401064
26.254456735238534
24.697640924581805
25.626780966695698
23.93194153350708
22.92810008616086
22.00039811144956
26.193203480650993
29.749088492806056
25.35634720480612
19.30122334356926
15.862860786111316
13.297950491172667
33.034721165419285
27.798148650429006
25.12136929812857
21.483804117952214
19.11035723148082
100.0
100.0
100.0
64.76487755825036
50.20993128052845
37.365363143354394
34.35961632210898
31.435831092181385
28.454051624660455
25.422640494815877
38.866903787585684
34.24097366880615
28.86789778405396
23.439421366796736
18.817788921087683
33.93517456531689
30.76513082624227
27.78045343509744
25.231003056603903
19.220173956352106
37.65887312652605
34.53603676698588
30.920885258654202
26.841087644657335
21.84575856064084
42.15333663435129
29.517832835676508
23.424394458787766
21.29103836482914
18.365758462198357
34.031903630352545
29.131180600140052
24.75572208010157
21.204808799905457
18.143560909527285
37.88417711401265
34.96438191521596
31.936197146322705
29.045562891085982
26.02185161086016
43.595035844113795
40.778924446062994
37.84767267473217
34.83690479771554
31.723172098204063
33.006635531498546
30.091812748410803
27.03341065753555
24.202814330098732
21.240896960112984
42.04660160507445
39.51675864032269
36.404481055560964
33.212117500633866
30.00857205983493
42.23555529445154
39.3658625123587
34.378219127977836
29.027362314066366
23.285765656677818
37.13608095065517
33.44340677316197
30.15418980200389
27.155444115119455
23.843580331262842
36.523596828055084
31.812723264241196
26.75404782525281
23.02492000308371
20.68906627091229
38.67894919443838
33.555788984162035
28.402085233111414
23.90085488670621
20.43978424675183
36.98084883285165
34.180302526904505
30.084596813108195
24.721637760270365
18.358582107849735
42.67112049905031
38.47212528361964
32.25740956612074
25.9600598817209
21.88788200239965
34.916969101506304
30.357288009780376
24.893400646035783
20.55678494408719
17.497551800690403
33.695469297072485
29.402911635275736
24.733459223020112
19.708059460670547
16.72303205765588
32.78241218954446
31.26442146767858
23.960549857900514
19.39728291919858
18.450301254353313
30.567067079724968
28.070253905797863
24.644475254252587
24.106094552825166
21.066483311444216
23.230614968429023
22.247532667866746
21.711930865528487
21.202070773196816
25.648965263985115
29.77338314425416
25.318827634510043
19.801526614566438
15.786412846084136
14.35581417144494
30.894219878480015
25.32328932163555
22.951120306162053
19.319413328332914
16.914306824283617
100.0
100.0
71.30538191649461
57.44587690320172
56.09979473707262
37.46848320878757
34.516082906400115
31.61331947867973
28.509448097960025
25.663577237555913
38.98076073499873
34.239083778479284
29.2760422748411
23.916368879708784
18.979428196341587
33.67205169924472
30.312171712455825
27.005765149121306
23.748529482836073
19.744390135123385
37.54119122444406
33.90185517112252
29.079213194286105
25.437870669712517
20.52252178297913
41.771919931300694
36.93637196179316
27.048964307275043
22.83394926556418
18.892516642057867
34.09803342305941
30.112487793969063
25.070116701099124
20.572972958481117
17.264549995451645
37.84168436118292
34.86869788151178
31.79147040932788
28.928100253053806
25.834275550373086
43.52603068249843
40.66421443271928
37.715691071535865
34.7301755164608
31.69089996462009
32.97016871971548
29.99037048721053
26.913482003288824
23.946350630896468
21.04364658638717
41.76879151933037
38.8190907689267
35.690050767545515
32.452400495095716
29.16431250115567
42.15862078526869
39.263083339319266
34.3330940800612
29.251817110995542
23.794662558301404
37.16018801426844
31.591588353140573
28.6439222652032
25.603450917067466
22.398233616864736
36.56886320311624
32.560426944723496
28.116670212505337
25.721457825016927
21.778772649500763
36.32783343418047
31.141319812252718
25.928879184187096
21.364174043043484
18.02108211858396
35.47306345571756
32.22341454977829
27.52866848173295
22.691418146529276
17.583598086796627
41.313888972223495
36.8584646882063
30.47227245047882
24.01365673720011
20.40320322239149
36.958812894965064
32.59244173830165
28.16828449873544
22.516537725554922
17.902637886832665
31.925683533310092
25.968733339923034
26.40993194652143
23.154300137121204
15.581705514569336
29.58885988669764
27.666091817097094
27.242514637879637
21.565518386183648
18.86875457600771
30.63499082872437
26.630866098093794
22.47172835821739
20.999338657584662
18.750904799503857
20.851984660996692
20.979028489841337
21.336293179983336
21.013681254457612
22.265626744117633
29.769803930865425
25.38626084472275
19.41404716775748
15.860576084481599
13.725924761737382
32.49855018576024
28.119997764180905
24.47515462819554
21.79025584396472
18.47296023092421
100.0
100.0
100.0
100.0
100.0
37.09731566965569
34.13626397226957
31.098319713490493
28.11820696317113
25.055576188833957
40.308590939799174
36.32455658093402
31.954056291928985
26.97864186767376
21.615124452315726
34.46319074435044
30.839916934752797
27.290711851686332
23.69480366516246
19.776957266255813
39.07264327861378
35.060936381856905
30.116429800770845
25.70748842920722
22.485619835511812
40.74852970616721
35.84742738905312
33.06010757002614
29.12683695930193
23.16797731047987
36.29517932907937
32.05905530416425
27.47608371339841
22.595482453520614
17.621629695070872
37.83882508595643
34.86067428302691
31.81807314934307
28.849388179808834
25.800686178768856
43.5522727211361
40.73835527118846
37.790079424092276
34.80557970167907
31.78089537204121
32.96332806720439
29.987648425622673
26.935791257948196
23.967180880526584
21.00055372165731
42.520500256241704
38.8009882930199
35.671300166690166
33.123233042545564
28.918117561699187
42.21875279464852
39.320057029693665
34.38241814694579
29.31313862704489
23.919851568044493
37.56268859402533
34.41480641739621
31.10197644931962
28.196614112257834
24.77996979286371
36.29479719117687
32.7405343731524
29.24149213408525
25.252340341608694
21.850091193495572
33.67076124337709
28.36556333566239
23.166090532700107
18.72885432032817
15.54377108113464
36.40982968783706
33.50668590472251
29.70491958279577
25.274697512057422
19.387554638042744
41.97534837782336
37.665535388027294
31.34461547774556
24.991663700309218
21.053488552260955
35.4981853505541
31.27687724946496
27.37878049839606
22.80607156030593
18.088148784666338
33.660176821476156
28.701876734461674
27.46481000966118
18.889515497730407
20.435677742467064
32.88426960555817
29.510622678958608
25.95038488643143
22.275234144275036
17.335479641806593
30.818551013519144
27.239645761647814
23.655022098488292
21.677381684017625
19.80052884184485
20.951835922302408
21.23995535662072
21.567856684112808
21.32906967266528
22.947168147338537
29.750961107306257
25.400488867696865
19.31983032032675
15.986009777492809
13.373979466244165
30.126287205259942
24.883624214662447
22.176003040152903
18.923756957107866
16.159924454737425
100.0
100.0
100.0
100.0
100.0
37.33784637741584
34.34742474436717
31.393153314842003
28.352955883200046
25.288104591276905
39.76567640874382
35.341676688938236
30.578856915820257
25.44574725875977
20.593287435030447
34.165006682175104
30.810823734351036
27.374934828587296
24.31847913914949
20.5102166315711
38.42370806921453
34.64529438319758
31.216015848427304
27.200398386503334
20.913365677224377
39.424981355304666
34.50291803342384
31.61487106039832
29.422158626007402
25.12618297482245
35.202237916804116
30.82445284894968
26.39953467935186
22.2105537909672
18.327206697933647
37.622118253244835
34.6150785210822
31.65359967451098
28.603529268627177
25.620640753742613
41.509891704279156
38.55643506335551
35.409650993100456
32.268160048237476
29.10869976417546
33.90768925794353
30.92081996089749
27.886924449728113
24.970298040458502
22.07533068347725
41.64370303966968
38.604746348344236
35.34641699341074
31.968974026180817
28.52021446648181
39.93362815276032
36.96404715162422
31.911511277787007
26.692952273791132
21.154909448571935
34.921747060053
29.509150289263488
26.322867601165246
23.01268229861869
19.89876811375883
30.89136371417874
27.445152868417658
29.73392033675102
26.577194882919226
19.088120924115355
35.49482876967371
30.25620287086934
25.350231809643233
21.243488358277123
17.908947694785407
36.651495004383214
33.53079989056725
28.65386123912955
22.527256756494705
15.847516537712327
43.765159932003954
39.75645928370271
33.707129837244494
27.309210021191156
23.458266804920424
35.366032765668635
31.05320359377082
25.948007091238946
21.28478613175282
17.637054917997638
32.292564746348646
48.86603563233234
26.315310769609535
20.78863036157554
17.025020479979446
38.12287753624064
28.104842421583562
29.133884816853545
20.519927140604686
16.71601686982406
30.558212602033578
27.2450015290203
23.464385107210198
22.135637465388772
20.02401866625002
19.286695450819206
19.39235369549874
19.77967794887216
19.918864449990934
20.467402656041504
29.749255875599626
27.998199291276524
19.374896659028916
18.708497553470345
13.52914607573461
26.57722342211845
23.57713893006965
18.4984558382325
18.282211106253293
12.478630058155765
100.0
100.0
100.0
100.0
100.0
35.65572714309879
32.52571732772729
29.425708987030696
26.27062244880811
23.05256077200681
39.6240507406779
34.91714037583665
30.069025866872835
24.80832020050222
19.700359526301263
33.2390315968765
29.537289723555574
25.957618909605635
22.252469403377845
18.782060946611587
37.09743622756535
34.59750884476671
31.220290342233156
28.536825094960776
23.998560168139285
40.90724818710999
35.94805047886097
30.704289344349913
25.802453884859577
20.608611308544692
35.858499194691255
31.099922393683617
25.995048938548173
21.260558789380752
17.657619345204626
37.83987263545097
34.82431626629924
31.79268271763757
28.794530520860242
25.828628166470523
43.48766296779598
40.69770228774029
37.64115872286851
34.69661470334244
31.627275994891434
32.96366318897675
29.984626665649067
27.03542255416314
23.973122483405987
20.870459714326948
42.28987990121074
39.39361972296931
36.35530657504973
33.17341018685782
30.068765093563798
42.04611492956965
39.150134567864846
34.201816600694755
29.14716470324707
23.84623864872932
37.91064627688315
34.686398190293424
31.732324520615734
28.392548429435806
25.328899320457204
36.52604793418466
32.25735830010545
30.135998132338166
25.805713756557765
23.371934158422327
35.29626395738082
30.092526930848823
25.124061864018287
21.00553745507549
17.89550608944578
36.66288329971034
33.50667262926325
28.816006530095226
23.646462652582386
18.733375426443274
41.82622081658547
37.6083138569615
31.360150418790642
24.762658783324408
20.775658601206356
36.909683045851956
32.40068162720946
27.960584179556612
22.537490238483564
17.914571080946764
27.737372605150462
31.108856508276773
26.344674499120572
23.134931819315806
15.402227598519662
33.4761219433921
27.41064666025329
24.712547758021685
19.970627063360165
19.342425030157013
30.971588700744874
26.62859036401859
22.638050479656133
20.488772454487645
18.51409520045927
21.419305282001638
21.22128615843205
21.3544728102027
21.05623457255309
23.29945258292728
29.763265729187122
25.431596130659248
19.315613875473147
15.919565180564666
13.381430495816032
31.676598423542064
27.054879667656632
23.7933890996822
20.64671914788399
17.776851323034336
100.0
100.0
100.0
100.0
60.23121518828512
37.40169213335831
34.369328631851744
31.415312218452808
28.365928309838303
25.391470768547684
40.44315590952685
36.634635220393925
32.41025650045782
27.39994747838184
21.82669500463572
34.72330282226557
31.30649153870527
27.866049066401075
24.515953339510354
20.96818625810808
37.86664743022455
34.60818666565026
31.171347050783417
27.89925684576344
24.766376356529097
41.32238863903722
36.4222137039185
31.992960409919974
28.646802329344258
20.6412993308334
36.5999172450005
32.23047499736594
27.293519603155296
22.240625116387132
17.81526667994836
37.816320192697425
34.8414264197892
31.81326790305325
28.785199296915977
25.79606191469585
43.49997098264707
40.64113017054335
37.676608458391215
34.654193685931325
31.68200523103497
32.992381751078895
29.9998128498898
26.95611398095775
23.947101843912783
20.962697262018075
42.08180824565163
39.45004202039157
36.30709210751094
33.133467849215364
29.934896003147145
42.14700065532173
39.2503786014625
34.30146643610732
29.235292853089522
23.978287257145414
37.7686380127752
33.238404125909476
30.141173561796556
27.150545124169554
24.054129881774116
36.65671737866069
32.537752169835564
29.616618871323492
26.128684521490708
23.121563453055828
36.72536048938779
31.52681228052765
26.589795331963973
22.488267383389434
19.4568501482122
35.87900067419468
32.705139387240536
28.652693470331577
24.847119741290854
20.153322520246178
41.37043769130217
37.324144597413124
31.287932837812814
25.237364068740202
22.027982342142785
36.5966468701426
31.97422718236571
27.129191638098686
22.098136479843298
18.077114074181356
49.388401182032894
29.439362772568494
26.925726120166715
23.227664223213644
16.821079599334283
33.323878417365925
29.299712831148103
25.67281110299067
21.695361404994586
19.820885656369654
30.695528462250405
28.78771808019959
25.123101147837122
22.6375982677897
20.964891813850443
22.818885018808604
22.681779449339963
22.30984116460729
22.77098343970075
24.914930229929865
29.75101659574203
25.48538049909002
19.307210097734636
15.978215504149611
13.315007043275891
31.5922349719879
27.053147039276716
23.621487333570958
20.495331738224863
17.599531170847264
100.0
100.0
100.0
100.0
100.0
37.3898628340112
34.40399510984947
31.443989471748335
28.39590830586346
25.373258310337533
40.44727618600467
36.46169807891597
31.582730681042094
26.172034012894734
20.7908213031477
34.588969035699265
31.03239181071602
27.671450714753995
24.486988154050096
21.08034726953937
38.500681498196656
35.114577182425435
31.755243201016444
27.856791533337958
24.228912409486263
41.18387215354885
36.13773337215748
30.836793774855202
25.535925810082553
20.004275096002843
36.12882327006788
31.578828849564403
26.693738896457365
21.91133918626122
17.957055131313137
37.82534542859763
34.81747627554667
31.776322044855853
28.851952806125087
25.78928054237684
43.48263883244676
40.627892611542364
37.67015896946236
34.667175396212286
31.606319919851764
33.01963045075289
30.037490900558204
27.00532747890699
23.9574664781448
20.96940076264051
42.1553893041612
38.96910453207531
35.65824916763198
32.237589811278596
28.989515651250937
42.13434972000233
39.23384795444978
34.29835127012114
29.25607955310131
23.98025368766143
37.65843234726677
34.31359343750168
31.251513065827158
28.11760634184482
24.945671261557422
35.30243977493038
31.333203819343083
27.683459235228117
24.495770953663015
21.30929116012998
38.89730408955151
33.67762910815874
28.521082092797258
24.012366948967276
20.655532375841158
38.50138247184158
35.96438768059802
32.21696292658286
27.78635533049573
21.236368845527007
43.272624813945974
39.57239807715442
33.8107852339686
27.504516082249605
23.340729341833097
34.14275492461469
29.561378056410096
25.532508950424532
21.826651421524296
18.650857922462464
37.31010977683311
43.46075382736646
23.980431861648018
20.42359621146927
17.56626964320407
33.47775087354992
29.029383660002633
25.327159090966056
19.73854928015482
18.74736302510874
31.184263199149356
29.923499172278632
27.591980715278446
24.724782044631514
22.871743502051846
20.781226253963094
20.630897269437945
20.565489242542565
20.40264496866214
21.977990415145467
29.78242220785304
25.435513133645365
19.340777462927925
15.996726645256496
13.358745807133158
31.058262841165988
26.04368635147482
23.113072821587124
19.874758410510232
17.094734814759626
100.04566517063944
100.04566517063944
100.04566517063944
100.04566517063944
100.04566517063944
37.20298719599782
34.15228058646275
31.107429208793157
28.034857351951818
24.928864288181686
37.12798724212664
32.16927275913961
27.474667724366864
23.363112607121863
19.416246237130817
34.118793809044206
31.2052618008696
28.236344977105993
25.263892221966742
20.93299775835534
39.21185851673864
35.88424166207987
32.1878146782908
29.18459906376665
25.409795765889832
40.7613985621136
34.733754658470716
27.827779114432694
24.74962946687469
21.33164906778042
34.23536778947301
29.657414670363718
24.981891167107733
20.911373188138494
18.462616581814252
37.79386237292727
34.85277211045673
31.78576994062475
28.804745436209544
25.728677358442024
43.52025374786285
40.68392948692309
37.61971682678129
34.66797997873468
31.65402570405476
32.979807833181816
29.97561521563252
26.911508986127146
23.983267912464413
20.965046435664757
41.257536062440685
38.44285786955932
35.3605434485296
32.1785935139296
29.079458267216715
42.11359196187752
39.21409832957161
34.28214284999085
29.244608987293365
24.038873946332302
38.23544541117947
33.39374325605202
30.549959717039712
27.35415967016989
24.190366193371066
35.993978590265556
32.18390061377286
28.333581096127226
24.826399936330212
20.724582466596935
36.40077913484947
31.233006329304214
26.280691302746625
22.152167433467355
19.07556096722523
36.41856580016613
33.27275208218679
28.812440828575234
24.254554105037673
19.539278178728242
41.439130333407405
37.20784103656265
31.03061011332936
24.827901604615054
21.088821512264705
36.084495418695795
31.732695296442532
27.20929721070123
22.085020517371404
17.86274365236213
33.22518128782491
29.009039769529284
26.94165706512369
23.37704502004169
16.383542093445335
29.08449568696282
25.81796636393055
23.47807198461634
20.342486421634526
17.70665167220798
30.686658923485002
27.56610004152854
23.87849659222491
21.901464257959926
20.090843812615738
25.62180443959764
23.804517741630814
22.79469832722016
21.904036615923044
26.322885698682303
29.76253565581606
25.39012364346486
19.306849079731514
15.864916671987345
13.296494158247135
33.159260640852196
28.69015701354616
25.296478285314006
21.78208071494055
19.274297531497858
100.0
100.0
100.0
70.55021282737242
57.30000155077677
37.221168732263074
34.30046135652704
31.290330762791534
28.253372454771913
25.195312959754773
39.879855109686375
35.51930985640354
31.136320042053033
25.97041439583957
20.808659232628337
34.12239934836384
30.720144774095143
27.33774486137863
24.2492575731519
21.004918261446637
39.023909848803896
35.23621322603293
30.471301060694064
25.151571551044487
21.406024715230593
41.69151968741793
36.61698296137938
32.21515029441996
28.71500395926086
20.06152485834346
36.211897325392925
31.518055059078147
27.075191336221405
21.80596691433054
17.5899002028083
37.73325555446686
34.7951820867127
31.789319054042547
28.798783530125412
25.806840029837975
42.071575911490186
39.26425104155647
36.300914557217574
33.369712886954
30.32224462201608
33.43591481273829
30.48700349077675
27.49658475008949
24.56773076731936
21.585120038178705
38.111266295922164
34.998051532151116
31.972425787838077
28.817487120873988
25.59798547127403
40.88077433705288
38.02163504856579
33.08821867604988
27.975491068593733
22.581967722145567
35.956671182919735
32.82031544286301
29.72359787418611
26.525601515721903
23.28451069586395
33.16466214659543
30.378326841929727
27.734163054974946
24.524873652647777
21.26496476637474
25.890021251282246
20.806850434292965
16.631620200218688
13.750818459608105
11.923050705852807
39.33837295097946
35.810082245371696
30.571492896332785
23.431157654076195
16.616326685614116
33.4989295361098
31.876059563706388
27.83347110605795
23.201508159984773
19.408623431590893
39.355777615651974
36.664776000045734
32.403910654718494
29.987847405452477
24.862436771856018
34.5248326933614
28.8654817827005
26.105984260733873
23.003092337289935
20.61537433382103
31.858966358054897
35.56393515381568
25.26934775436573
28.114846609401503
21.79691430572484
30.707290593546823
22.707337195417317
21.700439983249883
20.7567817008509
19.133001477680935
18.132967460167887
18.62570945688802
18.581881532564402
19.260793387685965
22.149667365328916
30.5234750873572
25.77497467021398
20.219183691197657
16.351081610715138
14.384781211481199
28.350487018484763
26.71799529690315
20.354782433283628
21.001095600253663
14.390596148389951
100.0
100.0
100.0
100.0
100.0
37.613831562936696
34.6703683925987
31.613837571029965
28.515510722995764
25.40764489606454
39.913756311307566
36.575407836754096
33.49325014737967
30.395577070024196
26.960838382120883
34.96709011025318
31.84294791549212
32.6263197201418
25.09611971165796
21.717910439440544
38.69945680099585
35.36284333539219
31.486648545512633
28.98251710409939
24.859173561539876
41.987199646332215
37.5147377053934
34.403243420534835
32.2401698708221
30.33795140592965
39.337141230720164
35.70171199004577
31.154517312464456
26.183710768609593
21.23598893973888