37.947415597200454
35.205901932143256
32.4042759948505
29.776312933377636
27.273882491485253
39.811824833054395
37.28888311207763
34.78593682669151
32.42471615852001
30.424414010075196
33.82142422505541
31.121755843960358
28.577165518993386
26.085307976027508
23.73178596788442
42.83592834326308
39.87329134841823
36.83789541684477
34.09504048403235
31.358366717464257
42.30350989885054
39.42044379788867
34.50194372446728
30.14325367447633
25.633676829870172
38.318626002911785
35.10752661936957
32.50380711150778
29.766414754662357
27.068010989770876
37.29691285033844
33.76670450720902
31.45387651445604
28.43666241717993
24.777294769539992
37.93744186544834
32.69316418113092
27.68115887199813
23.635541493337424
20.731625037600377
36.43765031590022
33.54043073186065
29.47105165074681
25.54623831739496
21.991317367667445
40.837292760311996
37.65127032128825
32.164992051895084
26.340777996202704
23.212311535971185
39.09458095168033
35.189720147663785
31.028355068036028
25.74273888209616
21.013574834607063
35.160342187149986
33.66381536500973
29.328024687632187
26.455185836835614
23.869597659232692
37.61726894297756
29.867049780596318
26.793574157852802
25.159679309034367
24.64615493704271
34.220538359581646
31.12741511246108
27.230704637746385
25.41359757100158
23.44151127574341
25.705600605356285
25.064438147603845
24.879469839612376
24.500008273582164
25.022111213951565
50.272534236826786
46.06930441765943
40.14913913150964
36.8643045997467
33.173774717367245
41.78889177671499
50.67160708515601
33.94520494139576
41.86411140142696
27.959356389662577
44.70452797278281
41.781297738464005
38.66900486991035
33.973128164051985
42.7509910910519
37.6459810291898
34.84584399539736
32.06579164895901
29.402671820564656
26.935161948085348
42.98926240537992
39.54582981984873
35.637429653470384
30.738548974489216
25.12152442835975
36.62388987025457
33.346059291190684
30.033444747421502
26.69425751102702
23.553069901518867
38.02727314952622
34.810290688934785
30.13073329084779
27.833001556716034
23.010494782618984
38.566037015126795
34.49802935240902
32.21286279620002
29.543648596273677
22.251983386157463
37.798331401439384
34.079053816178586
29.799807762514906
25.053837276718674
20.84600052650737
37.9103185531667
34.955841519266734
32.193150238646695
29.463201670298496
26.94548531205207
39.6725169719791
36.89399929127945
34.33015931152836
31.86839324783895
29.64064233771198
33.56970831619625
30.96811780776719
28.404761319883946
26.03610476723017
24.02106077145827
43.055084773882285
40.09160081085554
37.0279412201002
33.782922978579414
30.41736124711256
42.28793780976734
39.40969177706577
34.51252164411828
29.86778758239471
25.333898935173217
36.6181127080636
33.58445428449575
30.589159695886007
27.791623205495895
25.298436815834584
36.358513820095794
34.261570685589945
31.21787518387801
30.235537443460473
26.49772934711106
42.9166986167833
37.79130689275199
32.91265439195996
28.80242878441697
25.5638684094489
37.74681191299762
35.4110438648413
32.36947233917424
29.413840408602574
26.19974029706688
39.08495875890538
36.61443754721937
32.72130539463114
28.33995990590017
25.92478262578419
36.085600064823474
31.960379634986246
27.570775942353233
24.15709288130495
21.71095463606258
35.032160109637914
32.858322681148174
24.3415022933979
23.63159361762191
21.755178124171913
33.507198604346584
30.725595016091788
27.735573612329844
24.350028378616212
23.038721487960586
33.982988131992414
34.743099960532255
31.339357106520648
29.95214837890402
27.9368479816535
26.499318137855965
25.675427232407586
25.436920702194033
25.452885031737466
25.867745970926876
49.95610432510009
45.76209291464039
39.75194274050054
36.26959641181601
32.79575815619965
44.32099708750413
43.22574678688079
36.71253744448873
36.740613621862664
30.736543902010418
49.44824296722973
46.81943636238721
43.805053262582696
40.824115876708184
37.960816277448494
38.19613129137735
35.183146300602914
32.24935682298248
29.414951336926954
27.015588640311453
41.071010100579386
36.19666290348598
30.82168853621045
25.879162288389956
22.11692727605236
35.7528646118865
32.57975028077026
29.59119027626918
26.784285023419176
24.530708367617322
38.149781297495444
35.002667326920246
31.963244035328803
28.232422886039338
22.848780857525448
36.92170345834511
31.536881669872947
26.33277393522075
23.577463583254318
22.193780271437372
35.945763165862544
31.655288152258084
27.26872746544015
23.81011520633345
21.04028775856847
37.92366088427531
35.004141672593676
31.948563160470673
28.948226892973313
25.995987017903367
39.719704563355876
36.80830317363851
33.806635339318746
30.862817312451295
27.9000868919282
33.14291190098714
30.26725046200271
27.34744050147771
24.62015312876369
22.108700064684538
42.273482700931964
39.1062981303245
36.20098992278657
32.97883019168192
29.585341035154677
42.21588166945548
39.34752080196523
34.43770642868006
29.42751640518403
24.27179123024313
37.484974012977595
34.24307222026882
31.153550309273335
28.107276061599713
25.07835470553378
35.51257582235245
31.733568780738985
29.297578021303305
26.38067011786965
22.429618819957877
43.114812003768314
37.95721488810366
33.003222358029326
28.754087325610126
25.324796007777607
40.192990055474745
37.73751934865202
34.222424084525834
30.33235204890532
25.845702303886778
40.73319415283598
38.35779863755039
33.967418951257585
28.696266177944715
24.639319176206765
36.14255777567628
31.31935327206147
27.18586690421608
23.475999044256245
20.676735012939496
34.98304930289353
32.422521098948096
24.633057475240378
22.961109199860704
20.626280588488143
36.40260141826602
30.010724404980884
28.782125681571546
23.580796928399636
20.246130554474053
32.91671979886416
34.469217089039255
30.567568373584688
29.147850016824563
27.12916961006186
25.87279728428802
25.024838828228035
24.95171180843057
24.500034273173643
25.430052430687297
49.599051946907416
43.666277001587865
38.92852704994381
33.96081653918848
31.808720893836025
40.589433340216274
37.59776737891697
32.763196764196806
31.378493785528963
26.77796024731625
43.301977130814805
40.4398055486515
37.43980295466817
34.46277538206281
31.453274492094664
37.38287800778111
34.37528553557896
31.453550386217152
28.43360520497949
25.40587681448023
39.39156438141137
34.93998252499385
30.012924219165114
25.19806534877835
21.18580656501266
35.908570712533574
32.834681736681624
29.900418818722272
26.920433438466773
23.637528696098876
39.62172395319657
36.58341898579809
33.690185578954924
28.785736824057004
25.704563852292214
36.28267976732347
30.980664013639956
26.004223142894407
23.44072459191224
21.511479738082752
35.76925606684413
31.247354900312224
26.66152626621855
23.024917370891814
20.425692846781423
37.87210946979663
34.968233051473234
32.106527590705866
29.40187835529368
26.786719517726887
39.670333689792045
36.85134050847286
34.1827375781482
31.710864378933323
29.38944260867808
33.49503149739703
30.817515399321262
28.151815693407475
25.751935664303602
23.516363359703657
41.89495712449969
38.90193393763491
36.020210178699365
32.75476000375258
29.47131205440432
42.275707378642764
39.39873189817555
34.4850870256508
29.714126775582276
25.094038944599045
37.80942613071255
34.070886051991124
31.42667063753398
28.48987407119855
25.648029454383693
36.189316093771865
32.84862650415553
30.212242337158003
26.616261906069546
24.826055226396356
44.578798786245876
39.49055787349147
34.538247517111486
30.161747366434373
26.53465036980496
38.681605680625296
36.482216904633894
33.60629599594215
30.35302947386304
26.450803479713535
40.90469639108957
38.109367895949184
33.67099676901851
28.926666913655133
25.47438314620138
34.61604671999011
30.367857535986484
26.777274011084593
23.38936504776473
21.123442705155114
34.226723582117266
31.102990160346984
28.74684633237308
22.558642766297602
21.503588687889888
34.508433679289055
29.651185433380498
26.58203117917974
24.683342321621513
20.72364349846989
33.00307739123642
37.24479693340545
32.47130424434304
31.08846856315438
28.994713673923293
28.91896233823351
27.765556229869738
27.224636192926223
27.048615998567016
25.710539415545842
49.64003874275869
45.794125942449654
39.15757907442138
36.536028079677564
32.0171824722518
42.647234377502805
44.67025950224005
34.88885107894081
37.9130818984033
28.911781177129356
45.52860202368649
42.754347583629134
39.78917071050016
36.659742335732126
33.00972247382754
37.968828938783
35.00169045719849
32.107795630692124
29.291987455359237
26.77440046542277
39.66470490243513
33.96896740596923
28.85256157639523
24.649665814934355
21.117684364698132
35.505716631468324
32.45030038105435
29.562308334327085
26.915582727551705
23.685787471692407
38.95326673338285
35.98550911930304
32.4004546910103
29.070998933108005
21.621250218042107
36.23853085601767
30.709498785724925
26.97178875721482
24.92868581681352
21.873151524923507
34.66335912416881
30.28806117724356
26.520535073458102
23.343224437015397
20.621611229908133
37.92521453006402
34.95638118850939
32.00323184641278
29.07300632916231
26.19977788923198
39.72714153621315
36.78082160992383
33.778709499791404
30.839419055778844
28.140183220365984
33.2481870250204
30.44313936583556
27.726088468202825
25.153815349620594
22.703543959579648
42.46662680833022
39.61974818681342
36.4839449983281
33.38798027367491
30.16737664165358
42.242583824892684
39.36828093506819
34.45696277318898
29.437689831410022
24.192175624775434
36.8410704019542
33.35905888002118
30.46541221799528
27.340690282722846
24.519148800032845
36.858825127296114
33.19435004875561
29.84772729626952
26.292283390331527
23.782495885780854
37.2729734881731
32.0526303049986
26.719996235694985
21.974972532905316
18.362983992544738
36.70702460753433
33.85084700075774
29.58808210836192
24.593702049567394
19.960661574188748
37.56125960950132
34.91042326277554
30.390796685331125
24.815897841906327
21.28137424737195
38.69062882904471
34.70807985697961
30.869316247665903
26.497493395008306
21.720320933761222
34.524252697659705
32.459922303635636
29.301859252758696
22.144471512678628
22.01561039139087
35.283444710785695
32.93467499790625
29.3120437670852
24.420174339353686
21.187677655629145
33.47976164440685
28.185399398508416
24.098549959383742
21.851472644307478
19.65925087098078
22.416176635270325
22.542018396062993
22.77576581973594
23.06545650515899
25.568436038354857
49.8145698011431
43.77494206326813
37.952889763575726
33.9633203932915
29.154376529140173
38.71378457042158
37.18336403699004
30.821759024021876
30.69520084446484
24.80607561474219
42.50875122254763
39.49461442372004
36.49730341428521
33.423590296734154
35.410193114028445
37.532797089068886
34.598804056516634
31.615642452688903
28.5908273934068
25.706356596270716
42.18484669377003
38.50748431652469
34.56006337571711
30.03936130414292
25.322907213468696
36.071563554739726
32.675357041570706
29.381627160757656
26.012042817534194
22.303042485258835
39.62273327121768
36.345904481026736
32.61411728665007
28.287555036787687
24.40864170845356
36.88094680183526
32.33254965674823
29.91075669783608
28.258518892925963
26.371516463339766
36.901740007928716
33.48068125986066
29.874195439461175
25.922494606675688
21.609326588936
37.95258169711668
35.02269948280993
31.97375318727739
29.4363917855634
27.046323811416883
39.71112788015751
36.77101469684458
33.85059075196203
31.652653601250456
29.824531708462626
33.634624775883125
30.896205928897537
28.313844451948512
25.94605748171345
23.480198826359846
42.53658000544285
39.72925480749247
36.691893695440314
33.49843927890459
30.75296846571449
42.05535741267164
39.14682730577413
34.23420368840291
29.20542614501472
25.03237479449659
37.45088758578412
33.81185832327968
30.66599344098217
27.785280912359696
25.025237738911542
36.157437845472685
32.79733107659189
31.055802644835726
27.793085914031014
24.87994064869007
37.20603405894631
31.99420878255679
27.17364107437445
23.37891545171345
20.625379826151192
36.70672149369635
33.84409989658526
29.792803897074688
25.749134697306623
21.843361365005602
40.349357132164904
37.42180937511711
32.30662658560454
26.343998021870263
22.96679053214828
38.37260282450711
34.53735088425597
30.52083683447219
25.66142601375633
21.053564949266725
35.39393889492994
31.12090743732232
28.70369539615887
26.256933050920956
21.83309334131661
36.51373091792071
34.79856374793223
28.28439670449278
24.69020627799344
21.87888554104464
34.0112131002393
30.432694330465957
26.161737152863527
24.40312635900333
22.534561618841575
24.629878119198064
24.129198175641385
24.01346008776519
23.575503591421988
23.793636072039412
50.293520645765255
39.850584177271784
40.2176068301823
30.13411858470152
33.69281439066211
38.51130048035674
34.653759698884386
30.5609853399744
29.13839619911931
24.563296760129973
46.18329608674503
43.249839104847034
40.2632970798421
36.95037300573881
38.759521132543675
37.3193315996469
34.33325308718901
31.383481422044078
28.690607895637594
26.20918148431095
42.11460658697425
38.65297500330489
34.616675313667116
30.177594288278804
24.791366589597175
36.21693866021043
32.989711590733116
29.667893204464235
26.40938957912188
23.130748918111003
38.839531224755305
35.36308162165947
31.02773202286273
28.57162577311527
25.404380491591944
38.09237773260564
33.669680876030824
31.09192702353087
29.230204859777032
21.915530514837766
37.34854847679798
33.954339362565065
29.96840552267857
25.456181802367833
20.825909622127096
37.88284314201824
34.931762026127714
31.900647067725263
28.94849431704087
26.227040894719874
39.673008296204614
36.7502099625178
33.7227280215315
30.883192611031713
28.393931723837763
33.26209776608464
30.438146739667914
27.750607765226047
25.228349002410013
22.91254783042703
42.73192016069957
39.740282315771196
36.794522923777066
33.598593298963294
30.527652822469967
42.26443018891531
39.39556783323002
34.48752316210901
29.470356061495217
24.502071714986847
37.70197255385155
34.66943348497094
31.67902293408266
28.712970072959727
25.9718394368649
35.70337989201134
32.55514222454076
29.10177235088641
26.07976876104385
24.04916712201377
41.43171876481163
36.162183585010126
30.85340105670181
25.800843966447164
21.40990281603539
39.13114137958949
36.50792449321348
32.63240898134685
28.26318847153597
23.60347733698582
39.89011142247133
37.34153249258511
32.85256634295354
27.374828742998165
23.900162345445096
36.17933859370679
31.65174385550838
27.504315436869724
23.56410990908334
20.28899943731314
34.05723349200387
31.68945452772538
28.321335269041406
24.694821908583084
19.867189876662053
34.449589361193304
30.781268795452533
26.56435687182097
23.358690828269385
21.121673272301965
33.00748622183579
32.54191020411444
28.336403982718995
25.949398687465862
24.49106990911173
26.329073447616466
25.360452351188442
24.877427409003342
24.75298702800493
25.2937954956005
50.14574498324117
45.7822800166236
39.7810656485425
36.42565253088135
32.34472063453475
41.16885420284626
45.560661448187865
33.37286370075004
37.34884497708614
27.39296865086699
43.44139231444838
40.40359236394953
37.472860861699324
34.27583695456618
29.235971531472913
37.58182635105091
34.661684904884524
31.633073059764204
28.65142775523015
25.92630217179737
39.88390158221363
35.386844835971665
30.35753356485695
25.861927740459297
21.67838286971925
35.46957383962547
32.421033741566106
29.32799510492488
26.33067404086235
22.734644630421705
38.90942842897301
35.71570204872684
32.054769364741574
28.379555590439484
22.94504274706256
36.185744024043906
31.248674954110236
27.03349813139088
25.655767152286593
22.384099233024234
35.84851671198254
31.726173556335276
27.358949109469872
23.485863289308604
20.29834581261872
37.932059840226835
34.97583377041935
31.98461031160751
29.111825504154524
26.686385300204492
39.73629160292213
36.758491578657136
33.76723193702169
31.049407353076663
29.032203941646127
33.49423228312341
30.75989521703487
28.087323963724455
25.57001046854345
23.156195613516864
42.23646024205726
39.44183386262108
36.387629372520976
33.28638003095993
30.14176591453737
42.180321475107206
39.29419013129847
34.36143595430315
29.31325079122891
24.531142760624334
36.92409760130424
33.81760873710718
30.519613690215337
27.34266533529884
24.40878330566695
36.962851439574116
33.299312993465016
30.40352313938517
27.425483957063328
24.039813697628205
35.33504222645753
30.02457784710739
24.899854949841522
20.5806610784159
17.211431120080174
36.84152982579749
34.12855828710828
30.273403413773345
25.799340838215947
20.89470867113533
38.85042692416396
36.12235552584237
31.28295701605536
25.66580183937727
22.07605202119751
38.39479986238044
34.36097520466514
30.352856839392697
26.948059135519888
22.06424994354503
36.990179118374044
33.13204755457666
28.799202459681872
26.29478697849009
18.89844558252061
36.522171841702466
28.80314498733223
31.273505999633343
25.999212570783428
20.774290056744846
33.63697306642481
27.793495382967226
23.209305798766373
22.012497753035696
19.470738708906442
22.31887755425025
22.399773023526677
22.893485236967894
23.22327197059333
25.72133439973228
50.36316527986892
41.822590816685604
40.241335242112356
31.58261849420343
32.93827696477556
37.41267202917784
36.24701452440461
29.448226433860178
30.173265024116954
23.44818227864133
41.7666330350949
38.68821952444055
35.17613069448787
43.41966484855655
41.71677661035537
37.56848540564671
34.64315972342386
31.64594629793364
28.66147932434899
26.055455023144138
42.49652911332048
38.916340325374264
34.77898429257888
30.071338859212517
25.58893432663517
36.30059636783346
32.9305113826767
29.64126459636258
26.362958524860915
22.95690070871929
38.70473473986699
35.2104029655016
31.982269623747293
27.700023457585175
24.068163005680937
36.94211594194392
32.643424723612135
30.318699417767732
29.059671071335764
27.738541404917573
37.4657997097045
33.92571811617431
30.234008198737502
26.223633249992865
21.93407805577852
37.879104208665765
34.91554602625841
31.903663753571664
29.009082258338935
26.323518981156372
39.669980403978165
36.73390854483889
33.690088200733435
30.87935527514803
28.4327525196637
33.27402360065166
30.48193836086611
27.74116883916878
25.239030536050947
22.809067212559604
42.1533925202655
39.293608813830495
36.210796963260506
33.017850445717166
29.83387628850819
42.267043547872795
39.39101447366728
34.47148334065436
29.45681333463229
24.60671705060101
37.84200093814017
34.48068899907287
31.635911046849607
28.6542002283946
25.80383117050374
36.47526985106147
33.11536921478262
29.687765967985726
26.31234878191881
23.50063835493937
40.43782428148315
35.145235236686815
29.83814968878328
25.03372297678157
21.154005291874377
38.93717411951208
36.39233891394428
32.67640411688631
28.68095968463926
23.75412323860499
40.55778963135375
37.90988022399584
33.459659739113526
27.913138664878524
24.355078672569253
36.49100693121537
32.71817113471142
28.136564510849542
23.72069478422179
20.09276901557125
36.25556867122534
33.528093834408594
28.36965906759463
25.494273049214446
20.530941303366724
34.38280886375526
30.48728403786448
26.232931593605954
24.155590863098727
23.952525233234397
33.027239360780996
31.625851664453336
27.23615996554006
25.315927094528146
23.480417427399452
24.38787244452389
24.160885994354025
24.065915589599772
23.98601090143968
24.902511361740046
49.652717161993635
45.69433155953235
39.611746315146604
36.16310303888939
33.19366567082848
39.74486859558452
43.87574484734387
31.904480708824146
36.643501910202225
25.895901024519787
41.94701236988243
38.92544422068421
35.90377565473007
32.616726309661246
43.66680033382637
37.688803890278926
34.719040375267554
31.798965615928125
28.873118565653755
26.186662367905576
40.43147327844981
35.90841881020939
31.201023699716146
26.43945673137256
22.01915022611759
35.95616070046974
32.80655568352758
29.67098601814176
26.732265011201015
22.369856880615707
39.00369111234013
35.80797450892436
32.41915545479604
26.861819238670467
23.559963790498696
35.59673740411898
31.19346598061171
28.016579848762852
25.460615352484155
21.815289974772845
36.536511481410955
32.32451991423008
27.750967615521766
23.626442691487682
19.97872112247113
37.8935119523136
34.936394448815406
32.047530295281106
29.593242784099374
27.242266606287945
39.676954000599906
36.73566152891794
34.01370597530691
32.05757311551066
30.350405478375656
33.62655679721672
30.99940170729446
28.481216591740605
25.983126909123364
23.631037336072445
41.63744526851774
39.154420678274235
36.19391638674395
33.0798995552466
29.973808338143645
42.21092963315843
39.325225242471056
34.40205371290445
29.368987191813545
25.597021982500014
38.36978802594225
34.69229733075262
31.68355246580763
28.835058804767186
26.273787784059166
36.13077737969297
33.12602040906544
29.79354899875194
26.40515078040918
23.880318837002466
41.36408237556515
36.15089421418988
31.024479964108718
26.542352793235104
22.992491727044996
38.517887352846635
36.046277180515006
32.2254012480792
28.038382918852513
23.935934010277073
40.844636547067495
38.22512374248428
33.66784947623203
28.141898700187326
24.628340652742157
36.373329690220665
32.278980912256586
27.609379661948278
23.502049752846528
20.092293122789417
36.265685776834545
32.97498489630118
28.413540264033603
22.869504340818576
19.450978829047834
36.45558337223145
29.976889198384438
27.15043178324596
22.792213548420946
23.147043465920035
33.134368232147544
30.881619621343308
27.04784753463293
25.13108079014384
24.104348057170668
25.232453248270406
24.71418958956069
24.567439814395744
24.479000765880457
23.88388979350224
49.693624359385765
43.14027101990844
39.658053950816104
33.5088768755415
32.79829728226785
40.470792826116394
38.661645743039465
32.67703127640181
32.557930276431335
26.66721425836387
41.84932111708299
38.33869568422918
40.21102145087284
46.24321889581373
44.14974529549083
37.568229290097975
34.663039268367186
31.768171044734288
29.327973875209427
26.922510896514996
39.95387270231056
35.417815236147774
30.713514254061497
26.15183938118171
21.835776286759266
35.740455542845815
32.53979078487409
29.537990575401587
26.6471213813194
22.890919403828192
38.65307707105315
34.99619268774751
31.682515113861097
29.736357066355488
25.37027741731236
37.17818299212198
33.15862493903383
27.74014944818002
23.557604518325938
20.83520001896386
36.2162984263676
32.223685751163075
27.533310002524676
23.33043654473363
19.85358006918424
37.90723964269929
34.97492651221006
31.998830917945426
29.302399731890997
26.788455429955288
39.72879123661098
36.82414588355074
33.91146263411614
31.3776921470909
29.2061801468229
33.39885321095733
30.63413515623528
28.077935844915693
25.58385882476135
23.24361957328882
42.64649945274273
40.129984081075094
37.09861677557231
34.03357451699057
30.897700594119677
42.26997421829124
39.42250003282717
34.534217962324334
29.510584192057664
24.77642679639064
37.08994093436807
33.899749954081685
30.944976504579458
28.163146164450627
25.4915854047322
36.66178906430499
32.929977666536445
30.16272202133337
27.04176244040337
24.862739483168866
39.05167443886239
33.855120075227035
28.862176770238452
24.698981132269274
21.559740236904638
37.129527990982254
34.44528411982795
30.62358043752097
26.5168736312945
22.532592232202408
39.62824838344674
36.857687413150316
32.201565678862956
26.73795119676699
23.217649175867244
37.93832471768614
34.13821553696294
30.09076398688162
25.053253560949504
20.811459191963184
36.75479751127443
32.88480501753267
28.91202411156064
24.962813848967915
21.47031757079603
31.927759065552735
32.15076671108791
26.227982876353295
23.658775456388447
21.507402329016756
34.11837130587794
29.511347958118208
26.09477972110274
23.945883114650783
22.567244514066296
25.015740873926063
24.76010583807739
24.496334588873356
24.361695349737825
28.38993428589843
50.109372558027744
45.726891813012756
38.34089963912068
36.31161458994788
29.443460915591814
40.42146649821867
43.981234439980675
32.55101290969862
35.532482748536964
26.566405295525
42.31037104055551
39.547492257855026
36.376262222882076
28.99837969246958
44.27924643162113
37.687263395013744
34.68456121477212
31.66410779644484
28.85486064965244
26.28324738535359
42.079489894787834
38.29113517892152
34.108964904964466
29.170156783268393
23.893618515668663
36.081027241057406
32.89965186719912
29.512268376297513
26.389660360336606
23.089021958899117
39.34908160864054
36.19229632019391
31.984549110737596
28.189398502215603
24.435403017207214
37.32288978534179
33.00116820630883
30.644399394915535
27.92426051874763
22.96804755596691
37.170088015204975
33.60820704527804
29.561568883313146
24.8456492304159
20.520309851588813
37.90562895451126
34.953669236670834
31.985916787479507
29.239327082761587
26.761407798929596
39.70197408316283
36.719077800977324
33.925348312396636
31.416285728157703
29.257551733449077
33.4617450440187
30.720491028676577
28.112551316352
25.527465386697223
23.21686676258972
42.319238574797275
39.59511828803852
36.545906196329675
33.3777053474078
30.240279764095437
42.17855611207206
39.305553820930925
34.380292037809646
29.37383755215714
24.904031094161464
37.15796715708379
33.728129947919165
30.639897121693235
27.82090128467855
24.829973612604135
35.67153530908996
32.546540332771954
29.05610965559527
27.310342933808872
23.88856501949244
39.53225487530283
34.312175559536186
29.56353918326521
25.669282263884533
22.45209467923179
37.91190843847821
35.630667993067355
32.409293735246074
29.0938860693822
25.183388805425963
41.13478614574383
38.328157227207946
33.56874785926589
28.365369857797837
25.556707316010552
36.32172272321158
32.00773775416722
27.403045346924767
23.72867151113112
20.724584908852137
36.63805685054744
33.230216464506185
29.00266456313309
22.825163608441954
22.144552361737286
33.276303875358515
32.63894200436956
27.736804079798688
24.15488534510539
29.901511511711586
33.57791857160803
33.096545933218174
28.592950570849776
27.044851085649967
24.730655550497435
24.19497330729483
23.977755895654788
23.9517107572887
23.63776831281115
26.924220374960825
50.243780554589435
42.06525482310555
40.33463347791826
32.08036711413176
34.228080723073845
39.56080349295938
39.23853455184818
31.742838724596226
33.10571606256153
25.762891823822947
44.33782104310449
41.29820792724887
38.276749179603506
35.042450210938505
39.71398024822842
37.548992902648244
34.574822588472685
31.660051819367688
28.873199121247175
26.27339789796642
40.29380367060692
35.52292918545101
30.70833890440342
25.871320395771484
21.71073888727317
35.721126662175344
32.55231798697421
29.5982806676772
26.72547771226562
23.263195503295336
38.8666611107498
36.1412018950252
32.665759847251536
27.049741879537912
23.98621192967632
36.79532595909234
32.29007094982067
28.409532019220862
25.417753289153914
22.466478720993976
35.886495912908536
31.941871517965787
27.46967600854257
23.256951689468536
20.340843895929194
37.90595989629907
35.12917745027457
32.476022256235
30.04642109535396
27.663764413831963
39.722649588371624
37.04404818080556
34.72099720253553
32.87743265774991
31.148566381409616
33.89344026141285
31.334983424393993
28.777146286124026
26.324262787628193
23.749340590718994
42.17114528844094
39.80703711147187
36.75051426030656
33.78433846821315
30.84898893594984
42.201439913624974
39.30895409988206
34.38713774003114
29.952245326275428
25.899360820036872
37.509083608475166
34.469967344196284
31.797486861074482
29.333725507728264
26.820724472728692
37.41424598362062
34.41973211218718
31.60411632205018
28.534369818571534
24.668922029202065
35.89236291815515
30.814710442450455
25.979276287950576
22.088549284980484
19.357641874634833
35.73374203177963
32.72212953328408
28.447672884993796
24.122608308381377
20.15334980426148
39.098763095113924
36.09531318330318
31.05647589507969
25.322396983739207
21.925472366572883
40.29369733931772
36.97635596536041
32.818260504191485
28.347455349654357
22.93134327877391
37.67915899613814
32.30438998933877
24.721051330907628
27.172643187348832
23.398554863285447
38.205257737006086
35.244395399027574
28.658320595959875
26.305915469835757
21.781464481247802
33.88584676881475
27.14683661867098
23.227779546072394
22.077532635127714
20.359219744234004
25.526783136094252
25.103927693087055
25.12042806331106
24.58890844461647
25.932048352265944
50.32465743863365
42.736046240825786
40.15596982365402
32.98294314840755
33.429313289049546
39.66256439600671
36.708506843288504
31.87589853243282
30.804936289067637
25.86550088900983
47.31710325047712
44.35845556803078
41.437599411525156
37.03337941615162
41.80502643022554
37.40387264931766
34.622756483099884
31.964656389428786
29.415020262820132
26.854437946544124
43.29973375152381
40.20852765704685
36.71385149078524
32.95188688042048
28.50876897621704
36.830663523094394
33.54269941500621
30.40484444260345
27.005975522035165
23.559639150730717
38.85587599664395
35.30756273428485
31.39245089991943
28.144992876007933
23.31330501191021
39.05918477808727
35.15466815430624
33.170562145808596
32.00145365255766
29.629081167324888
37.63453862896081
34.61907028340009
31.098417238508844
27.359980497487932
22.761808685439227
37.93580965555853
34.93086122391033
31.891318008472123
28.926644973148214
25.972517040070482
39.67274048167168
36.76638845911681
33.737509450929494
30.780821145950135
27.839089983779928
33.129787752679476
30.268894608598984
27.35941796837976
24.647188849905
22.125712276899257
42.63722601186973
39.958023678084835
36.91126760926902
33.806634685570444
30.65201105305512
42.28322667282541
39.39937948701347
34.48561644393089
29.49487428399802
24.31474576886665
37.488349140556004
33.7549332446028
31.036050877106724
27.98892369028173
24.75776912578243
37.15815194051851
33.5234490103594
29.685096339488148
26.122317122243746
22.768384155581117
39.24955409937316
34.03364805348099
28.806441322428398
24.232707711983018
20.79406132087021
36.45374033383919
33.62530446169465
29.747704383198908
25.68208751673973
21.76121786339023
36.60498510237912
33.88320172831468
29.82919778622184
25.02155859238679
21.952260549970998
38.35136021282001
34.12736951319706
29.83002588924372
25.097198370292176
20.94147494675029
37.803363027288015
32.23990040954575
27.827124344467382
25.843942313506215
20.85357588284429
32.44461357600931
33.97061383933038
27.300806775866032
25.005715104891102
21.597467129369498
33.299482657230676
29.10119817358034
25.043665283223223
23.06982283503466
21.29428435069304
24.72168217779357
24.50969472193519
24.42139336272608
24.410197523093494
25.870989255351226
49.98807923559808
45.50507949479556
39.60926796736266
35.93010439228672
32.13576073293119
39.3773704941678
42.80865889711198
31.5280163158629
34.85332475922807
25.523569000497123
43.45403585542958
40.56246750587324
37.58889727503326
34.63108788376671
31.605857440913
37.56785080097068
34.60391686334494
31.53963279302799
28.56017394737449
25.504707588163058
42.4927952707014
38.72440159930102
34.38334053914182
29.276696446264516
23.883311615470074
36.219669630264505
32.78353111626116
29.45320296009686
26.140874553961492
22.745658192602143
39.51561594121444
36.180436563864795
33.33446101557093
28.213759950803265
24.874680429695207
36.85347473845683
31.63208367923064
28.288163518670547
26.509129966443655
22.379293612886386
37.40731817283101
33.68194212833953
29.53181153387459
25.035641777114826
20.559340500400538
38.06721917039405
35.07118221247209
32.095351510315005
29.27171676678562
26.589796606908287
39.7387784713162
36.83932369468554
33.88024058102742
31.278586273285907
28.790335717127963
33.43946152752927
30.7049159100278
27.958031220828733
25.38569698496545
22.927640907305
41.74577359545994
38.89909881558156
35.79760781407121
32.62533430341761
29.49942072573956
42.20223946454898
39.304226810441854
34.27760076499925
29.207848020147757
24.23686903212141
36.20384920003255
32.85105797314747
29.801287566338864
27.014921939828454
24.25096472041315
35.80575990057588
32.18790715333291
30.254206739617562
26.59171350456122
22.5059544930715
41.49013799581091
36.31662864210528
31.39732110506696
27.146626811201
23.57411980034946
38.80061800584658
36.46985345002042
33.03896773178965
29.25270091656868
24.683065340905145
40.046006385453154
37.49026396613303
33.416218768757595
28.48647261135944
25.03619577017989
36.55358221213598
31.77565649760723
27.41398967100539
23.499997204996323
20.438597037363802
34.100376038867324
29.91823497841299
28.607290346958095
22.723760625866824
19.787328364422685
37.20229176169161
30.791439142501385
27.14910045159315
23.127981225894793
20.585451051807166
33.03156029234916
33.80857998602638
29.408418457202885
28.144638505467586
26.19654819898443
24.599036992935815
24.177660901196404
23.64388988094136
23.641208707168797
24.66514412438729
49.773781780499114
41.40621078334517
36.82491419137068
31.82196461364912
28.740795976985957
37.604638874140555
35.05538533589332
29.591889360340232
29.277984301916074
23.63123945710158
42.69058049547509
39.72657856902321
36.70829513088846
33.654541327429556
32.246594010769634
37.71938875914107
34.73731343560552
31.700026150170434
28.645969894159844
25.703135458972834
40.557679671162774
35.921279843843486
31.05244008526437
25.76787913687262
21.464315660686843
35.839052057580545
32.572622079516215
29.39870767882642
26.484152679588775
23.877018476630084
39.36105147813825
36.28424609478865
32.8437955012436
29.210969006899077
25.3400114110919
36.74604490163788
32.076100000807905
28.015552269628525
25.609538069811528
23.565384454230202
36.37897549149006
31.84382582355081
27.29070431225777
23.359754659005244
20.242105667059974
37.87005923786773
34.99408989022445
32.18149347368489
29.647045384068086
27.181826576654252
39.65180061925323
36.87068296096046
34.21479465822765
32.11960594543193
30.253239737827485
33.63810135226271
31.038054579894656
28.435944846225425
26.095932832200084
23.654166917098337
42.680477139543186
40.03185359026526
37.005388814839925
33.954850744394584
31.00360213936536
42.25536352698518
39.382662882449914
34.45899381630844
29.790648361888262
25.60537712300082
38.469032385646635
34.771954913361604
32.135850196867
29.209246011359138
26.55605415688897
35.75792746712278
32.84491353048714
29.60684030339015
26.192787649249766
24.460132912802706
41.79105057148158
36.647300148529894
31.973372532722838
28.36656206708325
25.71509458199686
38.27711953095131
35.72862502796587
32.42830402870458
29.058855770649675
25.77749566577303
42.45887827591594
39.45570030284991
34.290245511239775
28.747278764163443
25.463500582374902
36.65805615211495
32.478761868629405
27.46972520509814
23.856602945379496
21.638006703314158
36.314603060015614
33.753444493167336
29.468734004540458
23.894856582924533
22.3324317708272
33.347863616408986
30.335677912441387
29.041283086796756
24.01261515467605
24.992332717157126
33.931003532838496
34.70814496783069
31.269147794723956
29.226235789850143
27.672823681013483
28.545295412778206
26.917441109701468
25.97339387576519
25.325566807636974
27.587808325475244
50.22447890064739
44.61445892510332
40.30495696431262
34.72000930669782
34.12475656545944
41.72954082434071
41.3312425148337
33.96399248646825
34.42638374255891
27.99072693226018
42.72106060299415
39.616981756853534
33.434561133953615
44.189573816845815
40.96467127100071
37.61922293693347
34.72582475600192
32.02150439661089
29.42868618254087
26.94097179756328
40.75443056485998
36.36262823424371
31.27122978644327
26.12892330794999
21.845354506937262
35.996300841970466
32.877935410603804
29.888593507355928
27.34351844285697
23.326401668537393
38.84224143097988
36.200445506093175
33.09091450292954
29.083809643629067
24.294988161786335
38.337386181068574
30.981544028967193
25.83473861691715
23.884792581677647
21.235295251857245
36.31282479704928
31.762601412800603
27.476267821302287
23.873832963164357
20.793103170475298
37.96293516139919
35.262098349932856
32.79707907806256
30.527463862575196
28.09880792147609
39.74723789081957
37.28010329804849
35.312510794288116
33.62629270263882
31.905813197130076
34.0519519628349
31.609168640872166
29.057092502627203
26.66681698505741
24.087113393254683
42.334512523867176
39.84552481887294
36.79878865664532
33.70656896220461
30.96875605828184
42.29250415990501
39.44870632792536
34.56841504695672
30.368501404976534
26.03288184537717
37.15470285385117
34.005875431334076
31.453449762888454
29.14378403889508
26.470027121384923
36.89491295819731
32.81859039261895
29.593266498001547
27.306413194004286
24.680377984445144
41.74438736892973
36.63367409413974
31.460715748464153
26.92763535275173
23.433075047750606
38.35914111393166
35.88362657034559
32.36400065368157
28.113701307676426
23.80707032840682
41.67495570846008
38.902193406020636
33.995926963973695
28.336794701753256
24.729024901661425
36.88735568050386
32.740797535509174
27.58124149290523
23.402842014796384
20.36746376467559
36.38173912788177
32.3439769064119
28.219161378426968
22.83434770558469
19.91659271777183
35.455747239263175
33.60864267945752
27.0425893921149
22.738089297924216
21.902614101461065
33.489121418185434
31.0388733661269
27.59382911239417
27.052943389957793
24.072421761562403
26.161114975460286
25.23727011784207
24.81071609109348
24.3819823365836
27.95473079419944
50.19425685769265
45.76936950621733
37.34708391134798
36.527921478322305
28.10312615941216
39.76093723474542
44.658853218100404
31.907434112679773
35.62043389377505
25.89547267237912
42.897952623661276
37.203449152616265
46.753796145388435
45.24008843434941
45.06410568023963
37.69592627116717
34.95428732935181
32.56202247889202
30.10667045555957
27.762658107024635
40.60164055915483
36.14605402470236
31.53334872494085
26.515235998883618
21.921929774253158
35.689513609465884
32.48145809580414
29.40735718930192
26.554232367446243
23.57390037505812
38.57203524921832
35.53638923864787
30.47856105132384
27.607248901166805
23.44336220786778
38.216301078266774
34.92575820044266
28.974279709949656
25.412399497990815
21.724342793312434
36.00003396472687
32.45102879314461
27.744816881674353
23.386744557529624
20.132668898761956
37.944614676973266
34.96871422218288
31.92951635528255
29.045246797986938
26.396135479745766
39.70577097270813
36.791437414777384
33.79111869287748
30.923682067694372
28.6699767894258
33.30057474502506
30.521596040200833
27.798638014685952
25.342588817376814
23.062601203643695
42.26199431347851
39.36374289939151
36.30421531719665
33.172814647233025
30.02344051554365
42.265734935651984
39.3829290956652
34.47699122034718
29.48101271846465
24.401566070684364
37.05907140420991
33.32761331467557
30.325200111838555
27.350684957483868
24.386084681751797
37.19478550378231
33.35628083441533
29.38422781423766
27.19185527025177
23.81947405564985
39.6130746979797
34.42683203594757
29.141492185540763
24.44994364106168
20.97762714420382
36.616378196794884
33.73285155210218
29.603974939362118
25.412156280106508
21.814375420729398
38.29516915687088
35.7532206453215
31.26046758211418
25.97813154010625
22.78819148237789
38.07331795551382
34.314637655663084
30.07622411861186
24.970687889500766
20.562895199117364
34.64756938026178
28.93322024646674
28.460853260328506
26.141712242562278
18.979230378854453
32.57316876764994
30.435926531713335
29.85054497956228
24.525824159869668
21.92527393385127
33.540277450214774
29.609864503291114
25.467693638795424
23.93962611018484
21.79307065587566
23.66009257120572
23.607023211274658
23.984967476308846
23.767680651024584
24.824576087637205
50.16388663851213
44.34687324829554
39.164919276336995
34.79921467731755
30.316128040337517
41.06714161481729
38.67724753508447
33.16733203690509
32.64915006362687
27.188002887364227
44.04329927215649
41.012801138125084
38.044647479129765
34.96869397629105
31.43713794129042
37.47884669341923
34.52790551750677
31.50316023715765
28.544511706527928
25.862832501736687
41.9405348449459
38.17473644636634
33.954952687467944
29.091152320076787
23.879316227341697
36.00930438127734
32.61768322053096
29.2850274700713
25.88430292821718
22.49090475530852
39.20629536798193
35.70123262246207
31.388105073613954
27.39859343376626
24.167874081025168
36.870937514151805
32.39943898015407
30.14326930148748
27.92607114251776
24.40319860838075
37.06359870764643
33.52165826917309
29.53789061801013
25.06218927859394
20.318886748374346
37.91544641196309
34.94495909495499
31.903505812705554
29.238975749258277
26.762822631393966
39.67645916829912
36.73860884217049
33.7381467383961
31.327979406897988
29.389700808326143
33.411201428969825
30.715559253475746
28.0893513414631
25.667203963991327
23.25343217189433
42.65916955507392
38.9881864180649
35.93169370330359
33.487954395965566
29.547508198163314
42.27991657536971
39.39687423536044
34.47620800444371
29.450055287399273
25.000927238139205
37.59174374164751
34.42330871642565
31.287854820140105
28.692002835945726
25.985313479423255
36.641736529401356
33.216094145956454
29.9798027947991
26.890989197038998
24.46524111966939
37.0418804889428
31.667152671474334
26.36398184818691
21.80578484103206
18.53776841973385
37.70143893786945
35.11047414066984
31.67550813129884
27.75411500592164
23.313541926583476
40.0868774319775
37.4088860914353
32.65915779666481
27.07074757968816
23.48634199735185
37.226088403808966
33.45199542466497
29.853558986924035
25.474356105150527
20.88756801848139
36.40925398552917
31.624962023455467
29.50253925540826
21.86473064303423
23.44050302442878
35.77251322582879
32.48475077998568
28.829680113772596
25.24902005692949
20.700470010080263
33.769404547479105
30.219889811241174
26.662186765889807
24.669416069300464
22.81216045965486
23.830401838069758
23.906819308061017
24.2502367135353
24.032073957560858
25.073536851482658
50.217274791688105
44.81509535791639
40.00802563008001
34.40440416177109
33.0246021349958
38.96676195241086
41.1659038218178
31.08826577441421
33.2342227795514
25.089510960269514
45.184565271690815
42.19783426459912
39.23410581218211
35.98144660038309
39.215242514744666
37.572448800971856
34.58217650705207
31.6621669149933
28.907682351376994
26.41581751747763
41.50179867084017
37.266644795850155
32.69000346968335
27.80153715511978
23.163038523847447
36.013970734103665
32.80863719314057
29.47604004283926
26.446756874124084
23.06340357084892
38.79527524826332
35.31084580160859
32.236674330717236
28.96832240482254
23.291287199138566
36.23997964467771
32.15707948605277
30.098742383990285
28.665500127884293
26.134476555022342
36.593642404854585
32.77485567787287
28.75314598606229
24.79814350989414
21.08620332261207
38.775562199445844
35.83007109663483
32.88663650319643
30.117692393924187
27.485529330746836
40.287572278338935
37.4138676930987
34.47636487059913
31.87528812329331
29.45702311065316
34.49606339379543
31.737170959836543
29.060958816281644
26.564828134298857
24.09442299825737
42.070670640804515
39.12958101974197
36.00093741834015
32.811511011642814
29.598932831803317
42.24031174652026
39.37685707879603
34.481609247624085
29.410137212337236
24.26010502735342
35.090000479613195
31.659177530028483
28.529002444824073
25.376637035616703
22.427440155920205
35.583809296391195
32.17096492428876
30.77100073471889
27.937526347778498
23.266144140049157
38.50657581429152
33.26961844019616
28.355185872491944
24.23703661740063
20.888382498860004
39.55302511856255
37.0179643019867
33.075655100708474
28.19997557992909
22.931206484899775
41.214956121768694
38.73990986879255
34.37016038295062
28.860179837527724
25.353705523318915
36.85217707152446
33.14790096010663
28.227843801494544
23.864650266992573
20.35030371635692
35.109135504187
33.97402452088864
29.25408381451403
23.695121151638165
19.9595983641722
35.78657549137589
31.01979124466518
32.016294242498546
23.49980769681904
19.742292470069927
33.40321514190015
30.174184124647635
26.343707417086108
24.966593217548763
22.920797476467754
22.26235306500362
22.380323098968155
22.77737622160409
22.9944489775567
23.096949321410722
50.185787912994044
37.049644523569064
39.510472686784055
27.7559291183969
31.273395613607097
35.498594327085044
34.86997739029394
27.461159832098843
28.542981157647596
21.44715162812684
43.97044971586126
40.96993988296315
37.98517555088212
34.74201961154434
41.415888268317445
37.8920323537797
34.91343144329694
31.94277879308997
29.11795506570092
26.395276409029936
40.819355653833256
36.475451385562685
32.05082829701017
27.10238321491046
22.17799615963103
36.18202568563602
32.90728552496709
29.898804572507238
26.889563701745555
24.18184246289478
38.13821337186433
35.628247162914164
32.47127956442804
30.172642985220598
26.224259543226566
36.527878844141426
32.312052008869195
29.25840782350476
26.563662040836444
22.668395881546704
37.172210453829116
32.97391796959255
28.350844109059192
23.850753102227777
20.311821398401484
37.93345511875956
34.945515239402695
31.901949732778995
28.919487800308023
26.27858603220373
39.68350147741196
36.75910694696385
33.707806347523814
30.71523329717312
28.39912003856434
33.27321974709487
30.424067756852324
27.776108247295994
25.20688161377636
22.76927952556916
42.54915266162209
39.685436564631466
36.6807208510626
33.556240380897734
30.550134988867967
42.18782341673341
39.30911680425926
34.381000649997404
29.353039931062057
24.193938587974344
38.04429777154232
34.819156957339445
31.85604989131742
28.59986935205411
25.838493431213244
36.58736646129094
33.03732267361849
30.521029831078476
27.4717490414034
24.601712320920587
38.48958139784909
33.26277456353746
28.234506611236196
24.044922437473137
20.872148857720365
37.541469079528966
34.720069911859824
30.674883161365575
26.20136315325068
22.107471656102526
40.00202780937709
37.33951215210231
32.57758897563303
26.830904242233974
22.93292305531967
38.29245596141472
34.448181958149995
30.317892606693384
25.14288287511508
20.685230143567416
30.695397541361057
32.15410271962036
29.317884872024113
26.139821128477866
18.737657723985333
35.997665774437834
30.351237698955494
27.67475330886286
23.182327539427106
22.60030841921543
33.93411792301945
29.640564974237176
25.691794007829408
23.569117413976855
21.689896549391502
24.3391980568061
24.015959935902135
23.9817870532502
23.740968517968078
24.95666765546689
50.35145192347299
42.629993353995914
40.27223944930347
32.9491041094657
33.35486235387254
40.25273132528309
37.677206887069104
32.48480412376286
31.82661533920227
26.491327759620663
41.57489570450227
38.59974357750455
35.57539912357566
30.573195839042505
42.44489185960554
37.635130241271625
34.64229911827018
31.691012969160166
28.67057274981974
26.00930419800988
42.15050696536466
38.533635296806274
34.46626757863474
29.623008112722438
24.261678103876434
36.38623234970058
33.19433827611566
29.9094783327133
26.651189093327222
23.19623723628535
38.48048846440922
35.47142574453498
32.52151805395797
29.333859175571565
26.670792009599367
37.325462997793686
32.76733067090974
29.747425070492007
27.675073726064948
22.700815122986022
37.66948821954352
34.02926188442909
29.62433648145733
24.89703164977015
20.57518017936264
37.912846442407975
34.93831231352652
31.907953041798358
28.916618844616394
26.259057697136356
39.66371850234565
36.74723907070512
33.698980231639396
30.77210068130284
28.45601966412334
33.28897355193157
30.499414192108127
27.7373796070771
25.259229902830526
22.883765928133265
42.350024158902606
39.750897930098034
36.65844164737966
33.54762501208476
30.448779886583687
42.23135801442198
39.34269999816038
34.4137650475384
29.38251227170165
24.294278463500092
37.83290035688693
34.42232850060374
31.31485442943273
28.287751623685043
25.32611193371949
36.675257486728825
32.98263856926293
30.24424110679275
27.42457928942558
24.30712054353258
39.74819262952834
34.54464817714255
29.57086996314863
25.418143056273507
22.340597672591986
37.13354659820739
34.33677501070046
30.678510415302288
27.221016475432176
23.652518487621332
38.42085907952055
36.07408732672329
31.853974135302998
26.81768525204296
23.834758210972907
37.70686435998833
33.63620612647159
29.152797274953986
24.467606833326684
20.664523278719436
35.87008426030049
32.279660098646644
29.8382065971046
26.197879278937897
20.097963449122275
36.14142732261555
31.609891427055658
28.37343844561145
24.66061904944791
22.56616442583497
33.489366657731374
31.684968781914936
28.002099415738822
25.46669252250593
23.82230988317424
25.590529850277456
25.233210682834958
24.832844857844268
24.928229530257823
25.840958198074727
50.306470821223485
43.25425200587752
40.28480759233216
33.464537271548515
33.97340962687112
40.2295179129758
38.16124418516958
32.3505765337937
31.76003433544797
26.34875718818815
44.17475978876116
41.27485133821252
38.29902003227025
35.31027857461964
28.950411597836712
37.59777757729449
34.60282039335037
31.6637791448061
28.62937967920905
25.951887174061177
42.00316754238554
38.22566816660866
33.50798675294154
28.209816320770003
23.089820317884573
36.056793596561
32.75081310131823
29.522424903554317
26.39541076414851
23.148580438174783
38.817874823720345
35.78825897216411
32.68863701692277
29.10976164415238
24.603986097535177
37.117045536285474
32.47366142876685
29.120047723044703
26.209669283227246
22.015627861916546
36.95896862744758
33.114177158454076
28.820239202134246
24.372488341529383
20.49544769571886
37.92292706490991
34.93113632666498
31.90513923933359
28.965762414045862
25.935189768195457
39.68001523508632
36.74134038331836
33.720700990118864
30.789051247143078
27.81420460112361
33.17110497468122
30.23151495621953
27.310600887766775
24.508351305509194
21.943913882757514
42.40826375757044
39.35725222393835
36.221695563469545
33.0275569870027
30.000184307052354
42.21546337989115
39.33254117421643
34.41352641183766
29.40194768324517
24.230997255508395
37.47585455514213
34.209120257825916
31.189288636793194
28.119066674063205
25.05508158277982
35.472804251389974
31.668213503303583
28.68137019494812
25.398317967470568
22.635856709415005
41.77071880581464
36.558143902772024
31.404421138311392
26.882957583570494
23.486361664010097
39.65230919312826
37.24009847371045
33.66265355358144
29.80539933995903
24.92614380177728
40.699142579471825
38.046146835829276
33.73060019536399
28.409033801140065
24.437250246520755
35.57272113712254
31.286375527850264
27.46562533724594
24.01545593369314
20.920130807176367
34.66270713848377
31.751092227172897
26.972871160567642
23.163403012576683
20.14159603850635
36.27194475725238
30.944548001756736
28.195261842626
22.824600462813002
22.214040121497504
33.9744965706442
32.79438502724004
30.42229653190877
27.53918795093714
25.608339917748822
23.5694205292208
23.41912032989564
23.33424906479373
23.40335165490474
24.103962694553672
49.56690473385608
43.37504274497768
39.509363193016554
33.37700014526922
33.318069110618886
39.16066521098986
37.76320402541304
31.317667460656597
31.356957066745963
25.317123465448947
43.13930422136421
40.15612193689371
37.20072616789794
34.20251583128262
31.19945488392485
37.53834722529784
34.52857988842056
31.489723908621556
28.4678705568137
25.441271522640974
38.768469334530316
33.94432961906755
29.353721751600045
25.35424246423403
21.653980515432405
35.564322613162
32.68770836331916
29.737222890296703
26.855570382953676
23.377685446885955
39.39066723405587
36.30985285553071
33.106217849516945
30.19670236198297
26.469699032179925
35.7820977756479
30.656180410857225
26.983933706427358
24.494672771654923
22.17747946299948
35.62373830043094
31.56020430832718
27.284551933905334
23.37941779870271
20.735872362038336
37.899950808486665
34.9591981792496
32.257410054459406
29.889243051011984
27.469866271799056
39.65768509389498
36.749107218995924
34.390420442620865
32.581307285445995
30.95772645670191
33.75099049899109
31.17316289092571
28.690011901007185
26.334396402791644
23.93646896539638
41.86925713862191
39.12557771440147
36.10989688531533
33.00228304545118
29.989973448187477
42.23142316159405
39.34916109469088
34.42880875718372
29.761874517471426
26.01114297235201
38.206636122156965
34.61184610384924
31.81773571963337
29.048913855752257
26.394831784823847
36.40345158415251
32.98332815186238
29.876694855686424
27.432877432552406
23.532853993778403
39.56408005400321
34.386725137886025
29.37429377480898
25.163936053117283
22.018763560796465
37.732054017694416
34.960274874966665
30.95775147559308
26.88314003009564
23.071655014701623
39.251713855591575
36.73809532609904
32.262908329561604
27.0309189158335
23.849235516208598
37.60067153823289
33.69358879623401
29.512494641658982
24.693482855587554
20.67000773321415
33.31589465757126
31.88840519350363
29.87507770516565
26.39514443402563
19.848309953531288
32.07959122852048
28.955664399231658
26.63135726650897
23.63367854069619
21.704803437599878
33.54940940681772
30.499183692514617
26.846623278553658
24.921227942816138
23.20349611062047
28.624846692212277
26.96897067739102
26.09980134787469
25.41287175981957
28.488254952027866
50.293500566225646
43.881957142909044
40.35764835985422
34.39409288572159
34.31182943098414
41.86562131750116
39.29184602529589
34.177090265101356
33.360372530120685
28.194039906785964
44.28183054230874
41.33901317765452
35.75762556421631
44.440602140709416
42.54190298790718
37.534559854086076
34.642670784394056
31.96960709521106
29.530150167189294
27.068569780775512
41.49613499076245
37.38432042289965
33.214498735643474
28.25855726038199
23.396535522098606
35.928779454317606
32.71969247763665
29.471072841736973
26.52290633057573
23.5524498898724
39.16651414260714
35.89810110843548
31.41903887204235
26.887185492788493
24.01882165722814
37.710156637681955
33.94716872668631
31.660632800528358
29.572626652671325
22.73008823404929
36.875021108251495
33.14974176739396
29.337712277531274
24.478785068941523
20.361875335662848
38.235472019906304
35.31031613797876
32.28561651992473
29.31226053811252
26.31115481164855
39.87438702950424
37.01523860299255
34.01912415280232
31.095744914573785
28.085527878516245
33.661686868431524
30.78357752627963
27.827041774015065
25.072960798261988
22.35251562124096
39.98305896875245
36.89937636685748
33.905166294163614
30.765113658843845
27.513074908999286
41.89032382188762
39.05993208411357
34.13510341305957
28.930264317071952
23.607084340882444
36.19313383974219
32.99086862746791
29.883540779090637
26.798997076358177
23.713854911643004
34.46932795741576
31.470565800581717
28.59889573327344
25.9848078308077
22.677478633214815
28.86015656169072
23.898260874179584
19.639571248643996
16.632238239745497
14.754662462059411
41.28931568139607
38.019836284565564
33.334513085235336
27.084833343291873
21.196561475053763
32.139968967636634
30.963083846873253
28.12917532110616
24.319165366888
21.054570560254305
39.99517715540128
37.06739246556453
33.1788964256394
30.41037572459325
26.42060233811627
31.622951634102666
30.089888398419827
28.043121667580515
25.225490938225068
23.246358863445728
34.42047634074615
35.32500037677528
27.697426793844503
29.965579535023238
24.679500622215023
33.55547961330244
25.484745718449567
24.554811086251465
23.5873088777282
21.921974296433838
20.970001356153478
21.432705337894554
21.40677215030118
21.947877538589154
23.570948821000602
42.58259122309987
40.715320924647216
32.28654421824418
31.012356135794047
26.049310980585844
36.809197560703744
32.38475906379796
28.941740133236724
26.943230942788666
23.003764457349952
42.12603864136429
39.162273882256514
36.12273379694023
33.11092400734717
30.172262084621956
37.720757446572506
34.794384448920255
31.759174553526307
28.739655326028437
25.71842830311486
41.643009434893386
38.46081318430922
35.41559942010969
32.359164805580725
28.937283748404173
36.82003460400886
33.862344061799476
34.64239948655335
27.6201639311652
24.548279446877785
39.702592565796984
36.84123010896449
33.143913346968475
30.13313875456393
25.941353464583226
38.77786839712659
34.106101789583015
31.123589783089717
29.132079505931394
27.39064293082428
38.89511414574559
36.50823142594494
32.90918832612275
28.49378594577562
23.577652450104864