37.947414881577764
35.20590428230223
32.40428862392677
29.77630842052983
27.27388228587384
39.8118120433086
37.28889396755166
34.78594227395778
32.42471729886608
30.424419510123855
33.82142675744851
31.12175647618479
28.577169238061813
26.085316283041294
23.731788601023688
42.835922290668066
39.87328161234282
36.83790390421544
34.09503692926786
31.358369832489956
42.30351371925306
39.42044036453921
34.50192840915666
30.14325760947457
25.63367958820743
38.31862631619315
35.10752669307516
32.503807038058206
29.766414759669672
27.06801106096237
37.296912344456075
33.76670451140973
31.453877504001333
28.436663131567123
24.77729481164557
37.93743898878596
32.693164453659605
27.68115883435153
23.63554141253473
20.731625032192444
36.43763803673775
33.540414202874686
29.471051835913016
25.54623841016415
21.991317564232272
40.83729393732661
37.6512713146812
32.16499185846811
26.340778257138343
23.212311592567882
39.09457027354334
35.18972047254097
31.028355951892888
25.74273914347166
21.013574957467537
35.160341779304005
33.66381493783992
29.328024744575796
26.455185710833145
23.86959769101398
37.61726891912574
29.867050024321422
26.793574202943645
25.159679772723766
24.646154772507813
34.22053832950654
31.127415210477793
27.230704720423088
25.413597739188827
23.441511290949055
25.705600437176486
25.064437793895465
24.879469307589265
24.500008444990115
25.022110996585457
50.272548937262414
46.0692934228218
40.14913851399709
36.864304083896066
33.173776443981076
41.78889316850437
50.6716079284088
33.94520560754993
41.86411317439095
27.95935707114768
44.70452758422418
41.781298477507164
38.669004011169086
33.9731319016577
42.75099307143955
37.64597734316803
34.845834689856204
32.065795798273406
29.402665744724857
26.93516381898428
42.98926280939776
39.5458305446102
35.637430555885985
30.738549536677393
25.12152460364044
36.62389046606597
33.34605986092611
30.033445095956118
26.694257484440897
23.55307008020338
38.02727328974487
34.810291258917744
30.130734353812517
27.833002310169515
23.01049593607761
38.56603550910014
34.49802261034319
32.21286492114737
29.54364326419713
22.251985915196965
37.7983317171708
34.079054082077995
29.799807902723305
25.053837417480104
20.846000649643457
37.91031846709464
34.95584162539416
32.193150306724945
29.463205928125674
26.945491570644364
39.672517328171764
36.893999966957864
34.33015952126493
31.86839335848983
29.64064266026623
33.56970858703687
30.968117985139486
28.404762048024125
26.03610231850322
24.02106049117
43.05509764340714
40.09160087230477
37.02795315132632
33.782922140741064
30.417363641632356
42.28792641049474
39.40969164613018
34.51252130048961
29.867787330990083
25.333898122314558
36.61811266019833
33.58445428922447
30.58915998783092
27.791623184389458
25.298436908444938
36.358514732420694
34.26157106945597
31.217873741927498
30.23553713813368
26.49772884957035
42.916698071848636
37.79134756044065
32.91265451459889
28.802428729838596
25.56386836594708
37.74680558011888
35.41104350383706
32.36947197712847
29.413840137361703
26.19973961572036
39.08495920150118
36.61443832078234
32.7213052506141
28.339959364658828
25.924782042640658
36.08559996316978
31.96038149095962
27.57077576657629
24.157092839762264
21.710954453312223
35.032161126384615
32.85832232868496
24.341501988678182
23.63159334778907
21.755177925538653
33.50720653110119
30.72559489462542
27.735573493565603
24.35002802331271
23.03872132496634
33.9829879359314
34.74309935552006
31.339356627496045
29.952148218147208
27.93684775016351
26.499318033483846
25.675427291372554
25.43692076883208
25.452885373657608
25.867745609211262
49.95610277216035
45.762093050793794
39.75194470309381
36.26959424476999
32.79575876415458
44.32099615676306
43.22574685224369
36.71253679986335
36.74061284608199
30.7365435998574
49.44824011417193
46.8194284967204
43.805057997505884
40.82411628725649
37.96081708123802
38.19613163477825
35.18314625876115
32.24935660890933
29.414951345069625
27.015587239574938
41.07100993302118
36.19666283493258
30.82168840158696
25.87916196913442
22.116927129826436
35.75286474862391
32.57975049596031
29.591190344150625
26.784284878776475
24.530708016342658
38.14978108482804
35.00266711063537
31.96324432459126
28.23242253370495
22.848781068021182
36.92170398244658
31.536882104522007
26.332774035167
23.57746356811039
22.19378027247366
35.94576300260396
31.655287888661885
27.26872719112224
23.810115021158857
21.04028765317836
37.92371291933572
35.00413790628595
31.948563899293234
28.948219274432173
25.99599059744039
39.71976157303342
36.80833526328896
33.8066524979393
30.862827162038045
27.900083872468073
33.14290211232641
30.26725383980379
27.34744314744884
24.62016134041308
22.108699569659226
42.27348229096029
39.1062977713031
36.200989556528626
32.97882476201328
29.585340634750228
42.21593563971892
39.34751865093534
34.43771163205858
29.4275201152575
24.271790189028376
37.48497386851467
34.24307190024295
31.153550034119867
28.10727584098125
25.078354518753482
35.51257462107491
31.73356773876006
29.297576989632873
26.380670311915566
22.429618508220486
43.114812254350944
37.95721455456552
33.00322189323337
28.754086906794406
25.324801225522897
40.19303943281894
37.73751802720549
34.22242392107673
30.332350918452086
25.845703599030358
40.733194632438824
38.357798139380634
33.9674184188772
28.69626647771415
24.639319102292237
36.14256368152457
31.319351762965965
27.185866644158207
23.476002518462572
20.676751888912584
34.983049604239596
32.42252100807491
24.633057443886504
22.961109075152507
20.626280500759307
36.40261707492844
30.01071903134594
28.78212668966495
23.58079512879279
20.246132248600844
32.91671927563597
34.469216900903014
30.56756823159006
29.147849719485997
27.12916935564585
25.872796983173217
25.024838831570648
24.951711656476128
24.500034279014574
25.430052036689045
49.59908075126389
43.66627162774412
38.92857094778973
33.96081413682874
31.808720904953095
40.58949199737086
37.59776535353311
32.76319598266901
31.378491793695407
26.77796018503407
43.30197400789033
40.43980349614178
37.439801738036294
34.46277528709281
31.453273381686788
37.382892105712834
34.37530753478553
31.453573535659256
28.433607270188475
25.40587880307811
39.39156390222579
34.93998222520885
30.012924106882227
25.198065213668027
21.185806348640046
35.908570806303246
32.83468167526142
29.900418692613364
26.920433217465266
23.63752830510609
39.62172320401427
36.583418528801445
33.69018515982257
28.785736400930343
25.7045641583594
36.28268129848098
30.980673592680503
26.00423222319126
23.440724606265135
21.511479469183968
35.76925573424285
31.247354631277062
26.661525983453984
23.024917005005257
20.425692542036256
37.872122493822374
34.9682337684189
32.1065282396351
29.401872558924367
26.786721133224603
39.67033412097344
36.85134118158147
34.18274902997421
31.710855267222357
29.38944445541756
33.495019312102876
30.817537744340015
28.151814924070774
25.751942507200823
23.51636350642123
41.894962551611
38.90192469243754
36.020210263688625
32.754762210311235
29.47131217984815
42.275739549306564
39.39874555762107
34.485092987727924
29.714135110642804
25.094038963751444
37.80942632940806
34.07088603853397
31.42667074663397
28.48987415567572
25.64802933894567
36.18931602166477
32.84862610261947
30.212241581114547
26.6162625820365
24.82605636222609
44.57879765511044
39.490557340953366
34.5382473851734
30.16174709037386
26.53467199309524
38.68160580027384
36.48220184916195
33.60630067358292
30.353028421176134
26.450792376360752
40.90469731648686
38.109368521427946
33.67099691450996
28.926667117898077
25.47438350442492
34.61604712636845
30.36785775033707
26.777274081494042
23.389365111312586
21.123442700818472
34.22672337653995
31.10299011267437
28.74684644217161
22.558642759600076
21.503588588156223
34.50843344633982
29.651185452778464
26.582031061627408
24.68334227631089
20.723643202546246
33.00307727679401
37.244796734605885
32.47130430195589
31.08846860437422
28.994713810769028
28.918962597688903
27.765556524871627
27.22463600837122
27.048616280770563
25.710538761809403
49.6400411648014
45.79412153599614
39.15758225452922
36.536024960693986
32.01718260217078
42.647234178931875
44.67026069822985
34.888851599663354
37.91308242450268
28.911781919401314
45.528601698445925
42.75434793210575
39.78917105638397
36.659741905327785
33.00972254021242
37.96881905821458
35.00169064067167
32.10779628594776
29.29198668178916
26.774395841535224
39.66470499555802
33.96896769626582
28.852561653143525
24.649665904092636
21.117684446357543
35.5057170676016
32.45030056502713
29.562308576756212
26.91558282145808
23.68578748353255
38.953267081652314
35.98550978232899
32.40045498896459
29.070998240336912
21.621250313092716
36.238531027198164
30.709499222974863
26.971788927021002
24.92868585412017
21.87315154204956
34.66335928654143
30.288061345724667
26.520535105141164
23.343224422858615
20.62161125943866
37.92522247246363
34.95636696644561
32.00322998405062
29.073012518658594
26.19977292703695
39.72713672441185
36.78082417032094
33.77871278407276
30.83942656880278
28.14017962192581
33.248184245507
30.443138904667105
27.72609193880591
25.15380741455377
22.703541792686842
42.466626696447
39.619799050632516
36.48395956194834
33.38799109374749
30.16737078006414
42.24256627567271
39.36827765491512
34.45695918103182
29.43769201609284
24.19217618382938
36.84107019181185
33.359058620426126
30.465399836394802
27.34069003500213
24.51914855514808
36.858824339297314
33.194350915397585
29.847727157208887
26.2922828320368
23.782496002901272
37.27297453264498
32.05263417899766
26.719995689011963
21.974972042788853
18.362984791173478
36.70703543258231
33.85084579515963
29.588091980104004
24.593703821085523
19.960660648275756
37.56126006687041
34.91042334775906
30.390796727477824
24.81589747981125
21.281374013372805
38.6906355126862
34.70807725659748
30.869316135555728
26.497496171714538
21.720322008095717
34.52425245533584
32.4599219589281
29.30185888040072
22.144471450086236
22.015608259999432
35.28344073136213
32.93468311859054
29.31203633657485
24.42017841065716
21.187682604875626
33.479761544649904
28.185398999621974
24.098549764232086
21.851472437244087
19.659250738564314
22.41617639156204
22.542018066432306
22.775765805417294
23.065456521338984
25.568435506460787
49.814574264417075
43.77493889800131
37.95289006709376
33.96331910486581
29.154377910290794
38.713784005868376
37.183362750902994
30.821757923475058
30.695200560393477
24.806075853367314
42.50875136668442
39.49461354880397
36.497302536696694
33.4235905190691
35.410190804824055
37.53276962342988
34.598803163520415
31.615635077888612
28.59082978087377
25.7063562065651
42.184846682603954
38.50748389041597
34.56006322343092
30.03936119789614
25.32290705537957
36.071563623442636
32.675357008807524
29.38162701185528
26.012042616076393
22.30304231413608
39.622733182098074
36.34590422269384
32.61411728309976
28.28755523583797
24.40864186010305
36.8809305792966
32.3325463924175
29.910759911765787
28.258523702665656
26.371516219374772
36.90173991400696
33.48068117908527
29.87419520092789
25.92249448448665
21.609326355537014
37.952586935643836
35.02268989783784
31.973759143528987
29.43639284055746
27.046314047097248
39.71113067129273
36.77101805077771
33.850581919638785
31.65266444088775
29.824532837399452
33.63463462917031
30.896208135322425
28.313843944401405
25.946080531121225
23.48020055275644
42.536587020643346
39.72922382404469
36.691896975849744
33.49844769774283
30.752988928583026
42.05540505743335
39.146829180582586
34.23420167797439
29.20542694386217
25.03237206343313
37.45088732208294
33.8118580324652
30.66599313459838
27.7852805680171
25.025237496393466
36.15743833023338
32.79732960977077
31.05580303482847
27.793086222772185
24.879939465473434
37.206034825913854
31.994208557626116
27.17364072622597
23.3789151182306
20.62537960973277
36.70672412021417
33.84409462203108
29.792800734068887
25.74913483112294
21.843366031522677
40.34935793883618
37.4218099036655
32.306626714137195
26.34399766495145
22.966790561562057
38.372603044309436
34.53734046217536
30.520836964931718
25.66142609995623
21.053564933159873
35.393938414242285
31.120907152170524
28.703694809322155
26.256933002376517
21.8330932260261
36.513734723122454
34.79856370992145
28.284397470518382
24.690205032987148
21.87888530045502
34.01121301484456
30.432694434919895
26.161736923675498
24.403126252149207
22.53456149456099
24.629877720096204
24.12919796038811
24.013459523791703
23.575503209241113
23.79363587605181
50.293513051225275
39.85058432294147
40.21759763066314
30.13411890395578
33.69281026517478
38.51129987193791
34.653758758519906
30.56098480653481
29.13839501146216
24.5632955100126
46.18329545088018
43.24983891018775
40.26329663509718
36.95037372125122
38.75951869265552
37.31933845230281
34.33325303007141
31.383486309946775
28.69060324189612
26.20918164532107
42.11460650966355
38.652975189653404
34.616675449873405
30.177594214299283
24.791366711337
36.2169383817333
32.98971178227997
29.667892909433377
26.409389837210206
23.130748929022115
38.83953173374813
35.36308328582313
31.027732705824658
28.571626348074453
25.404381132460347
38.092377616723795
33.669675832841726
31.09191740373838
29.23020594313298
21.91552957304914
37.34854837547935
33.95433930214462
29.968405538460168
25.456181811189825
20.825909620201127
37.88285384226204
34.9317666666093
31.9006549313106
28.94849283556401
26.227040332323025
39.67300159266122
36.7502168417102
33.72273157435699
30.883191077675257
28.393925865924285
33.2620985101009
30.438147654904462
27.7506146620942
25.228349507233503
22.912551054969384
42.73189484277494
39.74028237241437
36.794533155746436
33.598594502753514
30.527652769563822
42.26443431893249
39.39560156366275
34.487533383337414
29.470357171172793
24.50206779785351
37.701972312667394
34.66943344913118
31.679022846625188
28.712969734094948
25.97183955885624
35.70338173482649
32.55514308654874
29.101773455917606
26.079769616315865
24.04916689556992
41.43169710269235
36.16217154835469
30.853400743528248
25.800843832733094
21.409900491150328
39.13114116647015
36.50792843973691
32.63239895724533
28.263175796211677
23.603477159550454
39.890111114425096
37.34153212776573
32.85256679255881
27.374828633087116
23.90016210117794
36.17932810026099
31.651750678452878
27.504315677066096
23.564114602974197
20.28899934518399
34.057233362714776
31.68945429759936
28.32133780503804
24.694804493560977
19.867189707071127
34.44960281285425
30.781268646239607
26.564352475873836
23.358698590558117
21.121671216874176
33.00748586192748
32.54190998317582
28.33640377748775
25.94939848321414
24.491069741575046
26.329073080550355
25.360452277727443
24.877426955263946
24.752987153888686
25.293795452951375
50.14594967137204
45.782277350482346
39.78106628505282
36.42564838671865
32.34472392463201
41.1688528562847
45.56066224429627
33.37286335945207
37.3488448956184
27.3929687434431
43.44138981135543
40.40359177154687
37.4728602893436
34.27583602207753
29.235971664108025
37.581816980028876
34.66168923227931
31.6330721636023
28.651427155197176
25.92629886622779
39.8839015665459
35.38684484686822
30.357533203895997
25.86192733508504
21.678382745138794
35.469573438141474
32.42103321011005
29.32799521819372
26.33067399101588
22.734644761988854
38.90942920330384
35.71570158068643
32.05476841373568
28.379554557352016
22.945042836977294
36.18574401681954
31.2486856353283
27.033497745952047
25.65576716879178
22.384092895399228
35.84851612665089
31.726173227823274
27.3589488272207
23.4858631402027
20.298345599724527
37.93203260018967
34.9758197824617
31.98460833034991
29.11181950936895
26.68638305775118
39.73625178273109
36.7585239881095
33.76724252450414
31.0494151333258
29.032191863117944
33.4942119471082
30.759882396180082
28.087319604212546
25.570010302267335
23.15620369643858
42.23641250347181
39.441831420356365
36.387634407485756
33.286376144298785
30.141764060530445
42.1802955670059
39.294181093004624
34.36143190874756
29.31325806971504
24.531142640085875
36.92409722425721
33.81760852901512
30.519613430485922
27.342663718446175
24.40878309580224
36.96285183451237
33.299313121154285
30.403522737201904
27.425483759592474
24.039813593691918
35.33503894656799
30.02457232188888
24.899855007127186
20.580653611874894
17.21142015306477
36.84144908440001
34.12852013933992
30.273384560112582
25.7993395182813
20.894708909360876
38.850434591459894
36.12235583517146
31.28295711761046
25.665801502825595
22.076051781964413
38.39480093450344
34.36096929553058
30.352854400960613
26.94805355046203
22.064252619264426
36.99017854238893
33.13204720678163
28.79920204719604
26.29478673303604
18.898445149847007
36.522158226297876
28.803142183318275
31.273498775163947
25.999210737876005
20.77428919810604
33.63697310873803
27.79349505354718
23.20930544361508
22.012497481032494
19.47073851092518
22.318877109564987
22.39977265643435
22.893485045001132
23.223271631654715
25.72133432187062
50.36296267167166
41.82258758449806
40.24131387966683
31.582618809527045
32.93827733433622
37.4126399833638
36.24701513873337
29.448225374544048
30.173266124795
23.448185106287752
41.76663551956702
38.68821979869031
35.17613201053414
43.41966355053234
41.7167795743993
37.56848333213915
34.643150362376204
31.64594644889551
28.661480124142518
26.055453659483963
42.496528659229014
38.916340142015684
34.77898401922671
30.071338817659495
25.588934051152293
36.300596325940504
32.9305113223364
29.641264470101994
26.362958394457372
22.956900486387084
38.704735062604726
35.21040197338202
31.98226947460391
27.70002270934698
24.068161595417884
36.94212317304728
32.64342341547059
30.31870121574077
29.059666804110233
27.738541772749258
37.465799722051834
33.925718169834425
30.23400824444447
26.223633125269238
21.93407779513805
37.87912894150149
34.91555393948438
31.903645139293108
29.00907951666686
26.323507893493247
39.66997271585918
36.73390103779293
33.69012558708774
30.87935795886461
28.432754386585724
33.27405436253754
30.48193926138395
27.741175099327144
25.23902722358036
22.809059611298842
42.153393579830016
39.29369046811356
36.210790608731614
33.01785412356165
29.833877141603665
42.267001281896555
39.39101157855733
34.47149405280395
29.456810771947836
24.60671739264185
37.842000946184655
34.480689115983495
31.635910949832716
28.654199994191888
25.803831207972294
36.47526637297287
33.1153692727402
29.687766189391766
26.312349292546386
23.50063780010274
40.43791708191536
35.14523469603382
29.838148984180602
25.033722149605417
21.15400536292817
38.937164964539036
36.39236456695433
32.67641533749865
28.68096082464303
23.754121013793956
40.55779062530262
37.909880829312804
33.45965930413148
27.91313817667028
24.355079137292467
36.49102697128778
32.718160556549705
28.13656063541139
23.720694398216793
20.092768562829747
36.25556853975452
33.52809386666654
28.3696703341559
25.494276568425377
20.530941028093864
34.38281227200997
30.487284470493584
26.23293567669521
24.15558925355464
23.95252553865361
33.027239128726265
31.625851369022904
27.23615960495345
25.315926872326703
23.480417313179792
24.387872036430668
24.160885889567723
24.065915417659323
23.986010696430277
24.902511210981444
49.65272010360249
45.694320555819445
39.61175114738335
36.16309843046625
33.19366759474533
39.744866284145814
43.87574229112461
31.904481605412197
36.64350031461186
25.89590081486965
41.94701276100354
38.92544359973532
35.903775376219926
32.61672649424968
43.666800555835124
37.68881442728515
34.719073262324926
31.798976851167737
28.87312585725374
26.186659419980142
40.431473297336765
35.908418832373876
31.201023262153385
26.43945646767838
22.019150091447433
35.95616076390302
32.80655588655598
29.67098596664077
26.73226490005161
22.369856894350214
39.003691215567144
35.807974747593946
32.41915612295531
26.86181901444688
23.559963670383084
35.59678590741501
31.193467687089147
28.01658101303896
25.46061127000581
21.81529028186725
36.53651117337003
32.32451960629302
27.750967394790813
23.626442482541034
19.97872095065245
37.89354921990155
34.93640122215639
32.04753212256035
29.593244811786835
27.242266351551013
39.67690235031411
36.73567938785273
34.01371262850633
32.057572989962175
30.35040676711432
33.62657043158127
30.999408136397687
28.48122081576475
25.983127701892425
23.631036132490028
41.63742431271744
39.15442982516335
36.19391878015208
33.079912805439875
29.97380843916495
42.21094178727476
39.325248803715
34.402064598256736
29.36899386105475
25.59702352240526
38.36978800811685
34.6922972689713
31.683552329178557
28.835059038456684
26.273783934040956
36.130778530545335
33.12602178429354
29.793548446704126
26.40515155355715
23.88031919353771
41.364079211722355
36.1508910126725
31.024479119551614
26.54235112360723
22.99249179205354
38.5178735249209
36.04627092132427
32.225404201746024
28.038373632292796
23.93593390462243
40.84463735438678
38.2251174353869
33.6678495362418
28.141899228777724
24.62834078168045
36.3733230046389
32.278984706535404
27.609379241079168
23.50204934514522
20.09229337807366
36.2656864630268
32.97498467361458
28.41353982746687
22.869504058216204
19.45097866265405
36.45558678933106
29.976889144665005
27.150432781073164
22.79221332137105
23.147043565264227
33.134367900285284
30.881619259251487
27.047847347040268
25.131080551619274
24.1043480217525
25.23245311984812
24.71418948792303
24.56743965739603
24.479000458919195
23.883888756616628
49.69363891217064
43.140273523679305
39.65805639719733
33.508876650618255
32.79829808259764
40.47079247660385
38.66164457615796
32.67703350053633
32.55792715448486
26.667212078883523
41.84932277520235
38.33869663723465
40.211022412210156
46.243218174155515
44.149743602305875
37.56823388216325
34.663065412568514
31.768176015111486
29.327974724597105
26.922507566854467
39.95387297658635
35.41781519529447
30.713514412186605
26.151839392928437
21.835776128665017
35.740455746085274
32.53979101589035
29.537990750621816
26.64712153380237
22.89091934952527
38.65307718873736
34.9961932761341
31.682515306714546
29.73635726903053
25.370277972676526
37.178181687710385
33.158627761363604
27.740149581653426
23.55760578965628
20.83519686591505
36.21629849735638
32.22368568642502
27.533309876079493
23.330436366690268
19.853579869939576
37.907238666948615
34.974924122504675
31.998831852304292
29.30239966575378
26.78845602339129
39.72878269643316
36.824149582392955
33.91146254188778
31.37769245052648
29.20618300272707
33.39885719833334
30.634143675092602
28.077935759198848
25.58385452944013
23.24361995739869
42.64651935364028
40.13002660190037
37.09862236179901
34.03357506414799
30.897702023056674
42.269985020387296
39.422504898149676
34.534214929866856
29.510579720840703
24.77642681440381
37.08994074547702
33.89974980511331
30.94497659097311
28.163146315506445
25.491585590569372
36.661791362523886
32.929978235168875
30.162722458974677
27.04176220083721
24.86273969252753
39.05173192888125
33.85512029935215
28.862182956899453
24.698969709575476
21.559740647654632
37.12952015739725
34.44530368588089
30.62356785001082
26.516873574625958
22.532591787906476
39.62824834786943
36.857687785136925
32.20156592194188
26.737951392534278
23.217649097563843
37.938316837284034
34.13821351248499
30.090752056926775
25.053266470643152
20.81146084833906
36.75480621428023
32.884805598204984
28.91202376706776
24.962813584293055
21.470317358181653
31.927762275759463
32.15076227449241
26.227982183836605
23.65877481398565
21.50739841735276
34.11837083887491
29.511347867931192
26.094779591361366
23.945882965399775
22.567244412338013
25.01574077917532
24.760105858175876
24.496334769168932
24.361695865209725
28.389934545978125
50.10936795885665
45.72689130386603
38.34090013826746
36.31161642553261
29.443460235717488
40.42150560483897
43.981207268848635
32.55101286592151
35.53248463467745
26.566405331650213
42.31037273433657
39.54749285797255
36.376262392514654
28.998380051854973
44.27923666520059
37.6872592352713
34.684603055415344
31.664113428009788
28.854860867169776
26.283248678212313
42.079489509347226
38.29113491503754
34.10896488492653
29.170156694105714
23.89361843551763
36.08102708678667
32.8996519675009
29.51226839828653
26.389660318289838
23.08902190901753
39.34908167943864
36.19229619195395
31.984549321818573
28.189398831079195
24.435402693502375
37.32289058221013
33.001168719678034
30.6444004396469
27.924259982590055
22.96804749310024
37.170087996518745
33.608206876147435
29.561568834799417
24.845649100120298
20.52030977339117
37.905595232810654
34.9537716502031
31.98597928679944
29.23930774019756
26.761446297631007
39.70207389290868
36.719030645454175
33.925453227640666
31.416242043689127
29.25755019440194
33.4618881082366
30.720627963910548
28.112585644868982
25.527475539086296
23.21690079656122
42.319364960815065
39.59518213480817
36.54595048620444
33.37775270286002
30.240298852650763
42.17850580520629
39.30549676099125
34.38025607861079
29.37381891860841
24.904020753006613
37.15796701294029
33.72812985002621
30.639911738461617
27.820896474271212
24.829987601869966
35.67212523266993
32.54659698520525
29.055945718254065
27.31055472489303
23.88860361469856
39.53228421345354
34.31219535948395
29.56355508038229
25.669286846073007
22.4520995578493
37.91186511562706
35.6306538664204
32.40930862801429
29.093876318196386
25.183430046159163
41.1347507390098
38.328055477260676
33.568755752272054
28.365380337708373
25.556723069641123
36.32182070301233
32.0077857521026
27.403130297812712
23.728639702182846
20.724566019010346
36.63801150911815
33.2301583210561
29.00268576367626
22.825175036131533
22.14455137471974
33.276347847763994
32.63902135031487
27.736757382205134
24.154905859429945
29.90156754740864
33.577920783517165
33.09654528294668
28.592950246132993
27.044850827811207
24.730634249544078
24.194972834895708
23.977755561890824
23.95171064073361
23.637768534543767
26.924220513671386
50.243198756988264
42.06538818096102
40.334522289498025
32.08039132498073
34.228043331833724
39.56101786737149
39.23849066047761
31.742921044697823
33.105705850391296
25.76292861342454
44.33758721344464
41.29809264310268
38.276691043973365
35.042423970376106
39.71389851675674
37.54907779869032
34.57485233256407
31.660101375450118
28.873257634873845
26.273419728203184
40.29384778930929
35.52290661607514
30.708340614731743
25.87132154853341
21.710781303195393
35.7211803806254
32.55227167481719
29.598267461665756
26.725429682306977
23.263196613593685
38.86663041372947
36.141219114974035
32.66579787041528
27.049997261042805
23.986341954791254
36.79534906794232
32.290082283040306
28.409538853153634
25.417758568644857
22.466461195290538
35.88640131717161
31.941856138188477
27.469713393510485
23.256982927090842
20.340833070170508
37.90595230446815
35.129181294567935
32.47602243449018
30.04642522364881
27.66376438711105
39.72263911264131
37.04404197049943
34.72099431185197
32.87742993157642
31.148567883641924
33.893428619956154
31.33498087746665
28.777136193656506
26.324260745414772
23.749339971333878
42.171137282548045
39.80703224261632
36.75051248049341
33.784337108447254
30.848985216152972
42.20143499983537
39.30896167818035
34.3871339664966
29.95224935594885
25.899360732730464
37.50908335839108
34.469967284816924
31.79750848773169
29.33372564734573
26.82072428106787
37.41424424068225
34.419732327350786
31.604117089578136
28.5343694525869
24.66892210344451
35.89238202509903
30.814709177483337
25.979275201801904
22.08855249225156
19.357641594893582
35.733729794256945
32.72212133245942
28.44765279893645
24.122607105599187
20.153350603868873
39.098755072855724
36.09526920018062
31.056475820957495
25.322396903313027
21.92547199268232
40.293686591199915
36.976359056879346
32.818254027692554
28.347455191219417
22.931343076055214
37.67915594556327
32.30439020269695
24.72102026175544
27.172632755096103
23.39855731232617
38.205245136201626
35.244407904205985
28.658317674200376
26.305915306752485
21.781463876495998
33.88584637897507
27.1468363899945
23.227779198554725
22.077532448113452
20.35921957773533
25.526782898039798
25.103927652203197
25.120427999191
24.588907973385254
25.93204803141884
50.32465971605342
42.73605005797103
40.15597094469843
32.98291832804557
33.42935925354069
39.66256444207814
36.70850641940806
31.875898355179636
30.80493251490477
25.86550076942435
47.31710198848158
44.3584558522333
41.437599342223876
37.03337912914668
41.8050352910799
37.403883544583074
34.62276501085442
31.964658397735633
29.41502025035819
26.854431697011837
43.299733801603615
40.208527617858884
36.71385123026188
32.951886735849136
28.508768754068512
36.83066354046266
33.54269921901011
30.404844315638343
27.00597529353468
23.559638954420684
38.855875594177725
35.307561847036716
31.392449940791572
28.144992058157715
23.313304006050316
39.05918034513411
35.15463955510183
33.17052912920566
32.00141895857753
29.629060225276717
37.634538804273774
34.61907031616444
31.098417132517554
27.35998029798635
22.76180843108676
37.93581715500268
34.93085992289516
31.891312466777606
28.92663007120309
25.972518722572417
39.67274147957986
36.76638871831666
33.73750263223263
30.780819989875763
27.83909265736774
33.12978195046225
30.26889118082505
27.359416221856417
24.647191803608802
22.125715730605847
42.637325677995
39.95802357823406
36.91126460473625
33.8066347850968
30.652011792427125
42.28322245163427
39.39936658093817
34.485617724394665
29.494878107858824
24.314742940777624
37.48834901299877
33.75493312392785
31.036050760118535
27.988923578657385
24.757769046390344
37.15815203951215
33.52344957190807
29.685097684480954
26.122318248854995
22.76838418226905
39.24955263154233
34.033640348363484
28.806441151388547
24.232709361864902
20.79406117266348
36.45374017040714
33.6253010930832
29.74770544101187
25.682087524290935
21.761218374874037
36.604984652174224
33.883201564973014
29.829197670787778
25.021558357861213
21.95226068243538
38.35136023305531
34.12736186106736
29.830025889284315
25.09719830374476
20.941474872694403
37.80336264682295
32.239900431742
27.82712461063616
25.843942023814176
20.85357956507551
32.44461362360152
33.97061381353594
27.300806589923457
25.00571510416532
21.597467026617668
33.299482586620364
29.10119774870266
25.04366515185093
23.06982274910063
21.294284319984126
24.721681966266523
24.50969462041379
24.42139337131017
24.410197669237004
25.870988975758774
49.988082896604304
45.50507534725911
39.60927146169579
35.9301038296431
32.13576070492656
39.37737364779434
42.808658767824625
31.528016312586043
34.853323655458894
25.523569769786953
43.454035618436755
40.562467624754596
37.588897242621215
34.63108797079763
31.605856385597765
37.56784112065469
34.60391808028168
31.53962879395996
28.560179800295145
25.504701709508044
42.4927955056776
38.724401574309205
34.38334030924256
29.276696335627378
23.883311540807544
36.21966979044978
32.783531303315584
29.453202750441
26.140874528490166
22.745658225662066
39.51561580175892
36.180436468391484
33.33446093612116
28.21376004916872
24.874679850092836
36.8534747519466
31.632077434027895
28.288163510262176
26.50912977894306
22.379294441640205
37.40731817019295
33.68194205740701
29.531811525463382
25.03564168622916
20.559340429957068
38.06722667246961
35.071179158411894
32.095351039379345
29.27171813922787
26.589796742640242
39.73877655869274
36.83931849036047
33.88022835642352
31.27857413839319
28.79033991503664
33.439458250383886
30.704921437971574
27.958027482263894
25.385695736730472
22.927641038454468
41.745771534637306
38.89909895019024
35.79760429329946
32.62533041740547
29.499420721975177
42.20225068520325
39.304230112566295
34.277592468723824
29.207846846701784
24.236871401794335
36.203849378134805
32.851057845517516
29.80128764322577
27.01492188691288
24.250967925325604
35.80576108383512
32.18790621956346
30.254207621264374
26.591714053640082
22.50595456771673
41.49013539321452
36.316626309188884
31.39733201426511
27.14662627423765
23.574119508324355
38.800618005627975
36.469819643824884
33.03896815909039
29.25270172447158
24.6830752587188
40.04600713652881
37.4902637376445
33.41621876528118
28.48647303166438
25.03619581086391
36.553573387701974
31.77567143143753
27.413992990458862
23.500002406514277
20.43859680812014
34.10037597182987
29.918235069551947
28.607290064258702
22.723760561615045
19.787328212255964
37.20229211519729
30.791446895423253
27.14911006150136
23.127980984630817
20.585450841377803
33.031560122717934
33.808579396075366
29.408418386777242
28.14463840088958
26.196547975257793
24.599036831490668
24.177660942147323
23.643889842082967
23.641208307171865
24.665144024387608
49.773767921639475
41.406210472359234
36.824915761275776
31.82195608174942
28.740796352274927
37.604644088065925
35.05538507099778
29.591889761699907
29.277979946740874
23.631238993039982
42.69057941746642
39.72657893147598
36.708295017596924
33.65454189386816
32.246595930669145
37.71940008261903
34.73736183346598
31.7000286262271
28.645968035886668
25.703135462431952
40.55767972820617
35.921279898818796
31.05244022011275
25.76787922781783
21.46431543255352
35.83905240096039
32.5726226111812
29.398707918614765
26.484152738903198
23.877018605260808
39.36105097509019
36.28424703804267
32.84379511761397
29.210969560452135
25.340011825539534
36.746044812189325
32.07610001895973
28.015552429508723
25.609537650759204
23.565384144873587
36.3789755701027
31.843825839851007
27.290704199759418
23.359754429159246
20.242105506903822
37.870085152080684
34.99410293926945
32.181503513494
29.647039779082473
27.181828116550165
39.65181771579145
36.870687613197866
34.21479931635228
32.119607158480626
30.25323899014017
33.63811004708311
31.038036602587347
28.43594586951424
26.095934262869402
23.65417800413386
42.680481733018155
40.031858540354
37.00539691783292
33.954851258728795
31.003603997121395
42.255393939362435
39.3826461684321
34.458997274912505
29.790647954697903
25.60537533783327
38.469032249951226
34.77195476092538
32.13585016213193
29.20924634307992
26.55605709063441
35.757928210512404
32.84491395150774
29.606842746111926
26.192789306305457
24.46013228544322
41.79097173490295
36.64727778804688
31.973366909072475
28.366569018912536
25.71509618903256
38.2771180262838
35.72861808079477
32.42828730455845
29.058856264297454
25.77749583777388
42.4588787194434
39.45569222360719
34.29024551003539
28.747279147610598
25.463500903735188
36.658046899505415
32.478748514429014
27.469735655298287
23.856602832788305
21.638006778988043
36.31459884165413
33.75340988008699
29.46873363190957
23.89485629872103
22.33243078838173
33.34788778692431
30.335688047399888
29.041283045030532
24.0126160714953
24.992328508476326
33.93100331642159
34.70814491725862
31.26914733271584
29.226235637876353
27.672823706857695
28.5452952263255
26.917441284155288
25.97339412043248
25.32556707091157
27.587808705280032
50.22448815878454
44.6144506733432
40.3049589195285
34.72000872720814
34.12475732835185
41.72956849962066
41.331240821189674
33.96399158214492
34.426383104730036
27.990726251216085
42.721063787995206
39.616984110528
33.43456252867507
44.189576204146526
40.96467281532213
37.619239862550764
34.72584548527603
32.02150878796543
29.428676840152292
26.940971862253114
40.75443036368686
36.36262851646302
31.271229795520842
26.12892302584088
21.845354308593645
35.996301052860225
32.87793536879584
29.88859329318043
27.343518400141793
23.32640133647786
38.84224257191963
36.200446765360056
33.09091457844874
29.08381117324914
24.294989651342092
38.33741458096482
30.981538112770647
25.834732739225814
23.88479340769512
21.235295011008795
36.31282479088062
31.762601278083906
27.476267721623863
23.873832887537056
20.793103107569827
37.96295389016809
35.26211251275076
32.79707774853808
30.527465022472153
28.098807935533266
39.747262911890154
37.2801137741866
35.31251509198735
33.62629303882428
31.905813321020204
34.05194501712169
31.60916705607937
29.057092352608116
26.666817347088244
24.08711338496003
42.33450637349147
39.84550925483206
36.79879713815047
33.7065696572605
30.968755769752295
42.29250232276935
39.448711372559956
34.568418447675086
30.368501667880494
26.032883084948004
37.15470257890323
34.00587552560487
31.453450225888044
29.14378406871595
26.47002699497804
36.89491294026004
32.81859134919115
29.593267064724593
27.306413068788057
24.680377887591554
41.744385606929804
36.63367291006577
31.460715045018574
26.927634906952736
23.43307497841858
38.35913236623978
35.88363011099824
32.36402433355799
28.11370351699036
23.80707029822075
41.67495390545659
38.90219351750178
33.995927037008784
28.336794584625636
24.729024872454897
36.88735728025473
32.74079990088817
27.581241767412067
23.402841937969328
20.36746380224352
36.38173872815
32.343976895564765
28.219161572521017
22.834347905366855
19.916592763535963
35.455749964571666
33.60864288322315
27.042588195354533
22.738089518663788
21.902613945232336
33.48912128419309
31.038873149005855
27.593828902794478
27.052943496857583
24.07242176739082
26.161114852507062
25.237270275788322
24.8107160390305
24.38198238231522
27.954731164585553
50.194252502417925
45.769365159650384
37.34708694971224
36.52792182635902
28.103124105070883
39.76095939628542
44.65885479359265
31.907435191033482
35.62043404053619
25.895472859642194
42.89795375817362
37.20344966716834
46.75379952085673
45.24008991469267
45.064105969113754
37.69592651339125
34.95429103850208
32.56202261738871
30.106670493782875
27.762658430539858
40.60164045366578
36.146054073639924
31.533348808510514
26.515236079427325
21.921929822977884
35.689513636192785
32.48145803626791
29.407357257689895
26.55423247699282
23.573900263014504
38.5720351188298
35.53638916932271
30.47856149542769
27.60724937678848
23.443362766944603
38.216308171553386
34.92576807145495
28.974279695762696
25.412399740656
21.724342617157646
36.00003383390481
32.451028799316276
27.744816762652032
23.3867445923821
20.132668890064632
37.944607578489425
34.968705741682555
31.929515713258727
29.04524474698519
26.396134877021765
39.705785678517955
36.79143637587732
33.79111572731936
30.923675944448384
28.669980552919377
33.300576233390316
30.5215998259376
27.79864111209262
25.34258895956825
23.062601907940806
42.261987275925144
39.3637374966543
36.30421436279316
33.1728138723337
30.023440465483453
42.2657392632599
39.38294127998485
34.47699003723761
29.48101578798685
24.401566655664496
37.05907138806328
33.32761307530899
30.32519993631744
27.35068484234032
24.386084478165536
37.19478523403373
33.356281085236574
29.384228405221748
27.191856083140173
23.819475238413943
39.61307527587818
34.4268306667116
29.141491769259797
24.449943235886543
20.977626964316016
36.616384351451075
33.73285540083238
29.603978742866147
25.412162432114723
21.81437562738433
38.295169598980806
35.75322095820894
31.260467877954067
25.978131580981724
22.788191497976577
38.073314243932245
34.31463764897783
30.076225536699845
24.97068794104788
20.562894213041215
34.647569199703504
28.933220088669632
28.46085312601336
26.141711764608186
18.979230189421575
32.57317006129289
30.43592874431093
29.8505443217382
24.525812356957463
21.925288605315846
33.540277229080026
29.609864246034135
25.467693482612358
23.93962603761018
21.793070522114363
23.66009224746076
23.60702300711525
23.984967230376864
23.767680550300945
24.824575819855667
50.16388643648058
44.346844026143906
39.16491749636188
34.79921218162667
30.31615027524702
41.06714201867641
38.67724752197263
33.167332320173195
32.64914963375995
27.188009004658042
44.04330019244575
41.01280119524735
38.044647961555164
34.968694452200374
31.43713671113371
37.47884585363196
34.52790894170632
31.5031617133862
28.54451317643814
25.86283258931151
41.940534958338446
38.174736627819094
33.954952726514975
29.09115227342096
23.879316268967415
36.00930405348596
32.617683522552106
29.285027613715773
25.884302962481662
22.490904758787767
39.206295355510655
35.70123286275439
31.38810515959102
27.39859334789792
24.1678743170825
36.870946716887325
32.399442904823616
30.143271021280636
27.92607185596589
24.403197933096642
37.06359889785648
33.521658379134664
29.53789060509979
25.062189197400233
20.318886582681245
37.91544655762034
34.94496469064799
31.903490403403886
29.238970793532232
26.762820214277745
39.67646735478263
36.738600107857444
33.738145939043086
31.327979178733983
29.389709860207866
33.411235986232846
30.715567708959473
28.089353301939767
25.66720640325523
23.253433044592494
42.65921029335436
38.98818787311499
35.93169373618234
33.48795392356023
29.547508028382097
42.279916733718885
39.3968743228089
34.47621375362671
29.450047655399555
25.000927107527207
37.59174378040044
34.42330856004267
31.287854529723784
28.692002826017593
25.985301193735655
36.641735776551585
33.21609444734792
29.979802640943575
26.890988534650173
24.465240979653288
37.04187903369329
31.66715186670137
26.363980825154897
21.805784013178044
18.537767770547845
37.70143874954969
35.11047760020961
31.675507758066836
27.75410668672693
23.31354216221836
40.086877997594314
37.408885967499316
32.65915785953888
27.070747324704087
23.48634191595898
37.22608834992449
33.45199514358322
29.853550814701883
25.474355869791047
20.887569393532633
36.409253762242
31.624961560786552
29.502538954753312
21.864730506301232
23.440502483349483
35.772512605356056
32.484750704670304
28.829679490678572
25.249021373668352
20.70047094434155
33.76940399363422
30.2198896675848
26.662186324137384
24.669415706422875
22.812160064415
23.83040157089212
23.906818982458407
24.25023660835795
24.03207355651549
25.07353672804525
50.21727517314951
44.815090933394885
40.00803153665267
34.40440222806862
33.02460494529802
38.966759404337374
41.1659179609175
31.08826402766837
33.23421190445017
25.08950994298306
45.18456788419165
42.19783662344827
39.234105557526476
35.981446556915955
39.21524946992422
37.57248074824905
34.58217668603429
31.66216763082498
28.907688820476803
26.415820164642263
41.501798781534816
37.26664474987894
32.69000326324516
27.80153692717336
23.16303825965353
36.01397059680175
32.80863686828999
29.47603982242146
26.446756545836358
23.063402936015564
38.79527533312148
35.31084617314307
32.23667448261675
28.96832253044161
23.291287311914463
36.239988476398494
32.15708111178823
30.098748092231563
28.665512423704932
26.13449000264184
36.59364254952002
32.77485543973781
28.753145700090275
24.798143175956994
21.08620284030772
38.7755656854361
35.83008901220574
32.88662154814843
30.11769560965813
27.485528359142506
40.28758461264668
37.413857653847856
34.476360688999186
31.875284822453544
29.457027772756206
34.49607567921039
31.737172120869225
29.060958494442378
26.564826999964623
24.094423416845558
42.070702968051705
39.129581552282026
36.0009401359206
32.8114976610439
29.598925857126805
42.240303658186804
39.37687052407571
34.481600059042286
29.41014743863274
24.26010489159498
35.09000080386062
31.659177156305617
28.529002006603914
25.37663678768095
22.427439794988693
35.5838104326265
32.1709652586453
30.771001639757483
27.937526390465838
23.266144596030127
38.506576089083396
33.269617849078806
28.355185226195196
24.23703654182091
20.888381992592695
39.55302452463121
37.017945314723065
33.07564370534081
28.19997609524477
22.931205994633746
41.21495652220203
38.73990903814483
34.370161811126685
28.860180228485138
25.35370573995593
36.85217701898792
33.147903817726736
28.227843685136808
23.86465000810343
20.35030680492426
35.1091351123238
33.97402461103627
29.25408346715741
23.69511358325358
19.959598205923005
35.78662602640073
31.01979101805593
32.01629575925042
23.499813336628893
19.742292140773582
33.40321482935983
30.174183802229738
26.343707067812186
24.966592839477233
22.92079725341138
22.262352742480548
22.380322776367905
22.77737586723875
22.99444886560272
23.096949252557152
50.18580256430781
37.04964347256666
39.5104754885707
27.755923152530432
31.273403164076537
35.49859532876756
34.869978181976165
27.461159780061678
28.54298026221485
21.44715177582446
43.97044931692104
40.96994055305224
37.985175021091976
34.74201964815901
41.415887862045665
37.89202950741401
34.91343087982415
31.942760823364758
29.11795440360652
26.395269980516247
40.81935656717809
36.47545174652359
32.050828302199605
27.10238298005074
22.177996121171034
36.182024377160815
32.90728459463693
29.898804226855535
26.88956405975123
24.181842441517208
38.138213264407966
35.62824811985819
32.47128186581928
30.17264092622152
26.224259831263225
36.527878556667275
32.312054594042
29.25840777391691
26.563661713904395
22.668395494545294
37.17221067986594
32.97391807099695
28.35084377242106
23.85075283663465
20.311821212312626
37.933451853775615
34.94550824703482
31.901957518388873
28.919479194971494
26.27858988716912
39.68347063666276
36.759140602613996
33.70780592852898
30.71524342578681
28.399125571997846
33.27320505488917
30.424062763705706
27.776100546078332
25.20688379109493
22.76927932906084
42.54914780479348
39.68544980183395
36.68071784390038
33.55624645532525
30.55013564370624
42.187792613736775
39.30910568607373
34.38100690532599
29.353034344921443
24.193939228434736
38.044297588487936
34.81915704985892
31.856049830232504
28.599869368685553
25.83849248751754
36.587366694221345
33.03732270652989
30.52102943694571
27.47174798507785
24.601711739168394
38.4895819626614
33.262774468090626
28.2345065090567
24.044939341967854
20.872148679538462
37.54146179476989
34.720066229521755
30.674890869999274
26.20136463959781
22.107464664388935
40.00202838136219
37.339517338705015
32.57758951492737
26.83090426953275
22.932923141163158
38.292454825317364
34.44820605438948
30.317892048344454
25.14288274527985
20.68522966484787
30.695397343568352
32.15410294858768
29.317884809090135
26.139821348182892
18.737656313234258
35.99766940639445
30.351237267744597
27.67475005525489
23.182329449803873
22.60030829718353
33.934117906410584
29.64056482907983
25.691793998215452
23.569117242156086
21.689896468372236
24.339197567861003
24.015959531037826
23.981786894062374
23.740968072136432
24.956667197029443
50.3514305705011
42.62999766749718
40.272240053934645
32.94910434366421
33.35486306191802
40.25272778261776
37.6772070406591
32.48481966012557
31.826615822964083
26.49132753593138
41.5748966689206
38.59974330957871
35.57539994586968
30.573196023209533
42.44489319893233
37.63512419900075
34.6423003123422
31.691009739482865
28.670575509356038
26.009302932882452
42.150507664329105
38.533635511543864
34.466267694220996
29.623008126558673
24.261678084998337
36.38623250217694
33.19433842582056
29.909478619167817
26.651189221766252
23.19623740684355
38.480487955037916
35.47142541904699
32.52151884957791
29.33385890068934
26.67079213599895
37.32546198749891
32.76732987785481
29.747420351662427
27.67508058040641
22.700814851488698
37.66948855853612
34.02926215906216
29.624336570533227
24.897031606360756
20.575180126087034
37.91282693268387
34.93831417721403
31.907949086021823
28.91662422675552
26.25906250767336
39.663690999014506
36.7472513592446
33.698993145647634
30.772097689747135
28.456019650072008
33.28897754498833
30.499400321564885
27.737380253365135
25.259229611792534
22.88376259133027
42.35004437572374
39.75090112567449
36.658424721260495
33.54762930097964
30.44877559287619
42.23132644836953
39.342701175855325
34.41376184479515
29.38251133333084
24.294278979477095
37.83290035495543
34.42232844047984
31.314854255559283
28.287751049944497
25.326112312838227
36.675257793607415
32.98263941363545
30.24424253944837
27.42457892168874
24.307121121000094
39.748194792496776
34.54474509171321
29.570869692731733
25.418142593835867
22.340597668379644
37.133543873941505
34.33677872896131
30.678504843706953
27.221016851894674
23.65250761215144
38.42085980819566
36.07408750961314
31.853974446674673
26.817685022649883
23.834758173553155
37.70686036449434
33.636200144343064
29.152798872005803
24.467621202363933
20.664516246675163
35.87008486798345
32.2796595211982
29.838206471527606
26.197878865528214
20.097963274735555
36.14142314208222
31.60988790978098
28.373425879402163
24.66061516631994
22.56616832527056
33.48936636742626
31.68496837250666
28.00209916991683
25.466692344377773
23.822309571944803
25.590529448952584
25.233210415569005
24.832844766713436
24.92822933915519
25.84095842132053
50.30647454564631
43.25425607468062
40.28480980876423
33.46452423342906
33.97341901377912
40.22950122067581
38.16123867019683
32.350575865469736
31.760078470048132
26.348781802295886
44.174759048760855
41.274851531378225
38.29901965834664
35.31027792074522
28.95041240483603
37.59776427649335
34.602823940953854
31.66376793209714
28.62938680962779
25.951889470702454
42.003167487708026
38.22566819107909
33.50798664303417
28.209816345714174
23.08982049639762
36.056793797656525
32.75081315263887
29.522424853201382
26.395410844620237
23.148580512372302
38.81787434738928
35.78825856114628
32.68863701546289
29.10976103745695
24.6039862636855
37.11704273421563
32.473668604641574
29.12005213593801
26.20967204996017
22.015630353032968
36.95896888907395
33.11417731480641
28.820239123663498
24.372488220210272
20.495447398896943
37.922904826264656
34.93112489569922
31.905136105748888
28.96576316530888
25.935189013692423
39.67998414259202
36.74132635355268
33.720696327345046
30.78904932813138
27.81420518258187
33.171096385138334
30.231514276740377
27.31059955576329
24.508349150247277
21.943912464317116
42.408251241158695
39.357252166419855
36.221697643802315
33.027554913845535
30.000184148794823
42.21551545829601
39.332538506404056
34.41351569106173
29.401953801490038
24.230999477407615
37.47585455514247
34.20912022402199
31.189288452367073
28.119069464828144
25.055084947931633
35.472803152138184
31.668213687304426
28.681370198355268
25.398317816610188
22.635857074457494
41.77071767788551
36.55814621703136
31.404420562220285
26.882955142442846
23.486372474400305
39.65229622147608
37.24010598443905
33.6626365077464
29.805395980684604
24.9261450186726
40.69914856569683
38.046115892000365
33.73058337104778
28.409033963000923
24.437249956167378
35.5727048386109
31.286380958694888
27.465628321856705
24.015455368991923
20.920135966361325
34.66270757066307
31.751092237174948
26.972872735245485
23.163403804849565
20.141597280304136
36.27194689336348
30.944553608464048
28.195261516535957
22.82460063569414
22.214054048135576
33.97449611539961
32.7943850292591
30.422296034802304
27.539187691399967
25.608339768004868
23.5694203519473
23.41912006102604
23.334248917233843
23.403351526270356
24.103962179977586
49.56689328733695
43.37504072544242
39.509357644567416
33.37699888724372
33.31806843375458
39.160709847130576
37.76320250656444
31.317712628011655
31.35695308701458
25.317121977999797
43.13930231257349
40.156121072720275
37.200725431519906
34.20251541239621
31.19945511213613
37.53834589788599
34.5285829189194
31.489724652407773
28.467873498679126
25.441277582932873
38.76846928992258
33.944329287384235
29.353721663328287
25.354242451179072
21.653980359051644
35.564322638557684
32.68770828655972
29.737222755560722
26.855570311924307
23.377685248509508
39.39066709229286
36.309853283025056
33.10621818508044
30.19670158356098
26.469699243263783
35.782102180213265
30.656170176809894
26.98392598026462
24.494682473111254
22.177478779826497
35.62373820823515
31.560204086808696
27.284551645153584
23.379417538284763
20.735872181217925
37.899965401002135
34.95920154323136
32.25741928776707
29.88924559795545
27.469866166586062
39.65768979521498
36.74911543197883
34.39041953422684
32.581303013793544
30.95773043438637
33.75099331423281
31.17316311115723
28.690010689105726
26.33439623467381
23.936468249375338
41.86925716944543
39.12557275593592
36.109896699023814
33.00228184764565
29.989976146004725
42.23141624234809
39.34912463281005
34.42883360487032
29.76187112727925
26.011143071477157
38.20663599762937
34.611846051903505
31.817735783410104
29.048914114114424
26.394831701879742
36.40345222181372
32.983328557473946
29.876694597395414
27.432877731508057
23.532853631931964
39.564116662549765
34.38674065387585
29.374293150707178
25.163935915565567
22.018763270045003
37.732046524054326
34.9602749495407
30.957745623554125
26.883140081044825
23.071655019718513
39.25171374821412
36.73809546196268
32.26290849763468
27.030918758703493
23.849235287697258
37.60067162022838
33.6935887386771
29.512504841623823
24.693483435364367
20.67001047209917
33.31589807076285
31.88840465502644
29.87507750083346
26.395143823895587
19.848309992834704
32.07959138821823
28.95566884201006
26.631356977919562
23.633678466328938
21.704805610747822
33.54940926453057
30.499183563316503
26.84662297966749
24.921227829672233
23.203495873546622
28.62484635667615
26.968970492994874
26.099801418524372
25.412872599415145
28.48825477336736
50.293501397158565
43.881944281588815
40.3576495527106
34.394095517106685
34.31183085674236
41.8656223853338
39.29184276445456
34.1770910930691
33.360371091297274
28.194043888312397
44.28183312408927
41.3390131701584
35.757625346268625
44.44060094010361
42.54190690013274
37.53454935193116
34.64266958080944
31.969610436928715
29.53015111896054
27.0685699007197
41.49613481295296
37.38432038844452
33.214498642077984
28.25855704767884
23.396535329820686
35.92877903675224
32.71969237725327
29.471072712105833
26.522906278412716
23.55244984931194
39.166514170221745
35.89810119945524
31.41903948305831
26.88718500762316
24.01882182261072
37.71015070836299
33.94716885935861
31.66063343705276
29.572625252128013
22.730094220066036
36.875021333215344
33.149741710278605
29.337712108820174
24.4787848411114
20.361875117091095
38.23547632260685
35.31030997534672
32.285617224105636
29.31225900645019
26.311159315010908
39.87438337937323
37.01524123387567
34.019128716914
31.095742565789767
28.085533731383066
33.661691816501424
30.78357192406337
27.82703573923607
25.07295688505879
22.352515049621303
39.98305648168943
36.89937749500034
33.905166127912565
30.76514911367194
27.513069873777706
41.89033263316504
39.059923551470106
34.13509359801058
28.93026808178044
23.607078536527148
36.19313366577617
32.99086828854156
29.88354052553987
26.798996695083016
23.713855271446945
34.46932568563997
31.470567159125515
28.598894984259104
25.984808293320476
22.677478658688944
28.860158966512568
23.89826038855256
19.639571468014545
16.63223798243577
14.754662330156547
41.28947576874115
38.019855990673776
33.3345136284842
27.08483370322589
21.19656320936909
32.13996905317033
30.963083994029873
28.129175032238535
24.319165522994712
21.054570220290366
39.995245971257425
37.06741496801551
33.17888360764266
30.410365249113482
26.420600840611602
31.62295148559088
30.089887859957617
28.043121014312522
25.225490779651388
23.246358558960765
34.42048631572918
35.32501829029031
27.6974270019633
29.965577100696386
24.679503875619275
33.55547948590348
25.484745693025488
24.554810903585267
23.587308769961936
21.92197420767124
20.970001121011265
21.432705045628
21.406771898268655
21.94787700901195
23.57094938763528
42.58258798007971
40.71531889329454
32.28654188316993
31.012356148391067
26.04931129864292
36.80919767171447
32.38476040835893
28.94173936035458
26.943229038080755
23.003764084979608
42.12604058976474
39.16227578811288
36.12273589452157
33.11092551550645
30.172262881420707
37.720814861830235
34.79439299466607
31.75917341167451
28.739655249962954
25.718430003236463
41.64300837271803
38.46081427133953
35.41560011114529
32.35916510908344
28.93728433754267
36.820035683250126
33.86234427144118
34.642400019596266
27.620164249135797
24.548279326886178
39.702592743290175
36.84122972818377
33.14391323522528
30.133139303120906
25.94135379281202
38.777869087596535
34.1061022015692
31.123590876060177
29.13208050619941
27.39064363801519
38.89511453885461
36.508231513284635
32.90918861151066
28.49378582942996
23.577652396431613