42.02396011352539
38.681949615478516
35.57524490356445
32.691410064697266
29.605976104736328
42.70565414428711
39.61722946166992
37.12629699707031
34.67914581298828
31.98961067199707
36.0602912902832
33.05072021484375
30.242542266845703
27.495271682739258
24.916366577148438
50.59963607788086
47.300254821777344
43.868656158447266
40.67052459716797
36.8846321105957
48.85667419433594
45.631771087646484
40.09263610839844
34.62838363647461
29.42571258544922
41.884517669677734
38.236412048339844
35.47077941894531
32.580238342285156
29.326038360595703
40.27294158935547
36.44792175292969
33.73874282836914
30.649797439575195
25.86263656616211
44.536556243896484
36.75991439819336
30.279714584350586
25.197994232177734
21.701276779174805
40.32510757446289
37.122798919677734
32.2275390625
27.387067794799805
23.135644912719727
44.2076530456543
42.160648345947266
36.82611083984375
28.684499740600586
24.64702606201172
45.433868408203125
40.819400787353516
35.07999801635742
27.863346099853516
22.004703521728516
37.25459671020508
35.80154800415039
31.270780563354492
28.48248291015625
25.802553176879883
41.653106689453125
31.844593048095703
28.298311233520508
26.742202758789062
26.985790252685547
35.94651794433594
32.766029357910156
28.320236206054688
26.41227912902832
24.265018463134766
26.098915100097656
25.381450653076172
25.141202926635742
24.74996566772461
25.268089294433594
50.80044174194336
46.405216217041016
40.27571105957031
36.89324188232422
33.42210388183594
43.5732421875
52.90769958496094
34.924957275390625
42.979923248291016
28.54062843322754
44.972190856933594
41.970909118652344
38.85087585449219
34.14181137084961
42.997825622558594
41.88555908203125
38.49348449707031
35.28422927856445
32.22438430786133
29.207571029663086
51.226688385009766
47.274932861328125
42.365196228027344
35.59599304199219
27.807498931884766
41.35479736328125
37.32844924926758
33.13789749145508
28.9687442779541
25.230804443359375
41.692535400390625
38.036094665527344
32.38307189941406
29.495561599731445
24.222442626953125
40.587867736816406
36.28022003173828
33.95741271972656
31.338518142700195
23.531360626220703
43.06439208984375
38.72054672241211
33.09437942504883
26.88282012939453
21.794818878173828
41.40964889526367
37.977291107177734
34.66112518310547
31.68352508544922
28.907907485961914
42.87076950073242
39.64741134643555
36.41184997558594
33.877708435058594
31.261632919311523
35.07842254638672
32.25008010864258
29.497100830078125
26.965362548828125
24.802417755126953
51.383853912353516
47.580665588378906
43.52229309082031
39.174652099609375
34.68460464477539
48.75815963745117
45.25110626220703
39.42707824707031
33.7674560546875
28.623130798339844
39.41643524169922
36.26609802246094
32.973114013671875
29.964336395263672
27.208040237426758
38.30550765991211
35.97356414794922
32.34708786010742
31.34247589111328
27.18457794189453
47.690216064453125
41.119197845458984
35.16172790527344
30.179616928100586
26.375600814819336
40.873779296875
38.01957702636719
34.2916374206543
30.780210494995117
27.021827697753906
41.06929397583008
38.67021560668945
34.55189514160156
29.439838409423828
26.683040618896484
38.888633728027344
33.87049865722656
28.64429473876953
24.751375198364258
22.06279754638672
35.51276779174805
34.781009674072266
24.779254913330078
24.346494674682617
22.22024917602539
35.374732971191406
32.0772705078125
28.60980796813965
25.22835922241211
23.775535583496094
35.512577056884766
36.34950256347656
32.45966720581055
30.881479263305664
28.682737350463867
26.837139129638672
25.96764373779297
25.686126708984375
25.693031311035156
26.121143341064453
50.6580696105957
46.23801803588867
40.04581069946289
36.426788330078125
33.15431594848633
45.512115478515625
44.30747985839844
37.28410720825195
37.40834045410156
31.06917953491211
50.01568603515625
47.230682373046875
44.08229064941406
41.00956726074219
38.102752685546875
41.73390197753906
38.23098373413086
34.97207260131836
31.641876220703125
28.558605194091797
46.95060348510742
40.11194610595703
33.03446578979492
26.95696258544922
22.68700408935547
38.38835144042969
34.64250946044922
31.213329315185547
28.006576538085938
25.38426971435547
41.6353759765625
37.7294921875
34.429473876953125
29.546390533447266
23.465717315673828
38.5892333984375
32.69475173950195
27.177583694458008
24.11374855041504
22.588180541992188
38.850833892822266
33.663665771484375
28.364927291870117
24.382091522216797
21.34282875061035
40.825252532958984
37.70057678222656
34.431636810302734
31.280162811279297
28.206920623779297
42.40657424926758
39.325443267822266
36.18137741088867
33.11043167114258
30.0582275390625
34.520362854003906
31.500062942504883
28.457374572753906
25.607240676879883
22.97421646118164
48.99501419067383
45.122894287109375
41.490901947021484
37.42841339111328
33.17585754394531
47.22156524658203
44.08318328857422
38.718414306640625
33.28477096557617
27.653282165527344
40.273956298828125
36.866477966308594
33.63544845581055
30.391860961914062
27.181852340698242
36.77690887451172
32.61127853393555
30.039194107055664
26.904470443725586
22.779138565063477
47.28382873535156
41.07569122314453
35.1866455078125
30.11477279663086
26.116607666015625
43.190818786621094
40.36669158935547
36.262638092041016
31.74007225036621
26.58373260498047
42.967384338378906
40.57773208618164
35.83406066894531
29.79720115661621
25.196269989013672
39.21749496459961
33.065101623535156
28.1997013092041
24.015460968017578
20.980798721313477
36.89076232910156
34.21665573120117
25.00322151184082
23.504323959350586
20.97723960876465
38.999794006347656
31.175939559936523
30.110319137573242
24.161968231201172
20.644502639770508
34.165733337402344
36.29215621948242
31.77023696899414
30.148876190185547
27.845869064331055
26.146554946899414
25.24589729309082
25.1434326171875
24.646263122558594
25.553726196289062
50.250892639160156
44.52082061767578
39.160762786865234
34.37057876586914
31.985673904418945
41.097293853759766
38.538108825683594
33.01332092285156
31.919574737548828
26.923189163208008
43.44718933105469
40.54499816894531
37.51858139038086
34.52113342285156
31.497600555419922
40.37364959716797
37.06459045410156
33.93382263183594
30.715858459472656
27.515663146972656
43.13240432739258
37.855079650878906
31.894088745117188
26.219879150390625
21.7353458404541
38.38258361816406
34.91484832763672
31.655712127685547
28.339733123779297
24.491455078125
43.418617248535156
40.04718017578125
36.81007766723633
30.38702392578125
26.77728271484375
38.040931701660156
32.26732635498047
26.809078216552734
23.97208023071289
21.87256622314453
38.68560028076172
33.09978103637695
27.660144805908203
23.535680770874023
20.71567726135254
41.10002517700195
37.842315673828125
34.5003776550293
31.527053833007812
28.728961944580078
42.565555572509766
39.423988342285156
36.20991516113281
33.55915451049805
31.006938934326172
34.916725158691406
32.050392150878906
29.212114334106445
26.679594039916992
24.321928024291992
48.00480270385742
44.21656799316406
40.625614166259766
36.68225860595703
32.820655822753906
48.110660552978516
44.795867919921875
39.19279098510742
33.61871337890625
28.306365966796875
40.66999053955078
36.769561767578125
33.95880889892578
30.62849235534668
27.669212341308594
37.95911407470703
34.05604553222656
31.136329650878906
27.264883041381836
25.393157958984375
49.282588958740234
42.778926849365234
36.72768783569336
31.472122192382812
27.28639793395996
41.48881912231445
38.78239440917969
35.27597427368164
31.503101348876953
27.126697540283203
43.20330810546875
40.37752151489258
35.37089538574219
29.875181198120117
26.012086868286133
36.703346252441406
31.6228084564209
27.544692993164062
23.81453514099121
21.38115882873535
35.934730529785156
32.80558776855469
29.975833892822266
23.060325622558594
21.897598266601562
36.39607238769531
30.685375213623047
27.443105697631836
25.685340881347656
21.207284927368164
34.15222930908203
38.94526290893555
33.43928909301758
31.945781707763672
29.655529022216797
29.190454483032227
27.979955673217773
27.41455078125
27.20233154296875
25.89533805847168
50.66090393066406
46.24113464355469
39.60331726074219
36.6575927734375
32.37158203125
43.359561920166016
46.66412353515625
35.21962356567383
38.920982360839844
29.099634170532227
45.80681610107422
42.9575309753418
39.939697265625
36.781211853027344
33.16949462890625
41.16413879394531
37.86821746826172
34.60334396362305
31.431259155273438
28.578643798828125
44.089508056640625
36.520355224609375
30.15265655517578
25.37116813659668
21.526823043823242
37.872802734375
34.339195251464844
31.110097885131836
28.149240493774414
24.31533432006836
42.37042236328125
39.00074005126953
34.31683349609375
30.611732482910156
21.99338722229004
37.655426025390625
31.95827293395996
27.764202117919922
25.489303588867188
22.17874526977539
36.85972213745117
31.574047088623047
27.26435089111328
23.766014099121094
20.851730346679688
42.880741119384766
39.34052658081055
35.87380599975586
32.5274543762207
29.17131805419922
43.53717803955078
40.197940826416016
36.91259002685547
33.711097717285156
30.63451385498047
35.80323028564453
32.57958221435547
29.53533363342285
26.675260543823242
23.991905212402344
51.39655685424805
47.930274963378906
44.071075439453125
40.14430618286133
35.919525146484375
50.076988220214844
46.619361877441406
40.6596565246582
34.51918029785156
28.055601119995117
40.835365295410156
37.021324157714844
33.896968841552734
30.40410614013672
26.964176177978516
40.484840393066406
35.984031677246094
31.93202781677246
27.816425323486328
25.09895133972168
46.40312576293945
37.62868118286133
30.10416030883789
23.812213897705078
19.395648956298828
41.180320739746094
37.719757080078125
32.572959899902344
26.678329467773438
21.174484252929688
39.81541061401367
37.49302291870117
33.567176818847656
27.167816162109375
22.78396224975586
43.91172409057617
39.65851593017578
35.23701095581055
29.346622467041016
23.348522186279297
36.648799896240234
34.3338623046875
31.164714813232422
22.587238311767578
23.82114601135254
39.12782669067383
33.834869384765625
32.54514694213867
25.838253021240234
22.51215362548828
35.38589859008789
29.854766845703125
25.21265411376953
22.767192840576172
20.384008407592773
22.790611267089844
22.859561920166016
23.030868530273438
23.24796485900879
25.780818939208984
50.728572845458984
45.161930084228516
39.01692581176758
34.863555908203125
30.179832458496094
40.475460052490234
39.43013000488281
31.779926300048828
32.290706634521484
25.367244720458984
42.918739318847656
39.791927337646484
36.71928024291992
33.616546630859375
36.172000885009766
42.393436431884766
38.95387649536133
35.4476318359375
31.936471939086914
28.475000381469727
51.000362396240234
46.35039520263672
41.1978874206543
34.953861236572266
28.503225326538086
40.830711364746094
36.68782043457031
32.64834213256836
28.485389709472656
23.999309539794922
45.332061767578125
40.92201232910156
36.006500244140625
30.312149047851562
25.86380386352539
39.19623565673828
34.19646453857422
31.530494689941406
29.72793197631836
27.86543846130371
41.46202087402344
37.6606559753418
33.41877365112305
28.534543991088867
23.203048706054688
41.79365539550781
38.518611907958984
35.06035232543945
31.824356079101562
28.940458297729492
42.713539123535156
39.558013916015625
36.378639221191406
33.22275924682617
30.99414825439453
35.65946960449219
32.623252868652344
29.792783737182617
27.247135162353516
24.630168914794922
50.071292877197266
46.80635070800781
43.23564910888672
39.433074951171875
36.111595153808594
47.536834716796875
44.24676513671875
38.808292388916016
33.19189453125
27.306045532226562
40.66272735595703
36.78987121582031
33.47602081298828
30.237483978271484
26.92059326171875
38.28443145751953
34.547218322753906
32.79669189453125
29.104965209960938
25.97769546508789
42.22844696044922
35.4633674621582
29.461139678955078
24.8092098236084
21.522994995117188
40.46330261230469
37.05207061767578
32.31930160522461
27.532548904418945
22.887887954711914
43.152984619140625
41.071937561035156
36.435691833496094
28.550893783569336
24.276199340820312
43.78374481201172
39.22447967529297
34.01035690307617
27.664079666137695
22.013629913330078
37.17974090576172
32.786529541015625
30.355005264282227
27.810977935791016
22.90719985961914
39.70790481567383
38.882747650146484
30.423032760620117
26.151851654052734
23.19940948486328
35.66264724731445
32.20510482788086
27.330947875976562
25.343338012695312
23.25714874267578
25.005380630493164
24.428203582763672
24.256874084472656
23.76827621459961
23.914392471313477
50.78929901123047
40.23185729980469
40.332889556884766
30.406782150268555
33.91135787963867
39.17843246459961
35.11320495605469
30.942138671875
29.601776123046875
24.79759407043457
46.532432556152344
43.50105667114258
40.45441436767578
37.158485412597656
39.321311950683594
40.543636322021484
37.279903411865234
34.050537109375
30.700719833374023
27.810657501220703
49.47056579589844
45.39360046386719
40.24980545043945
34.320465087890625
27.146522521972656
40.2631721496582
36.407676696777344
32.3882942199707
28.47403335571289
24.574783325195312
42.612205505371094
38.44749450683594
33.05514144897461
30.35919189453125
26.64837074279785
40.2067985534668
35.23844909667969
32.692054748535156
30.83053207397461
23.074337005615234
41.54139709472656
37.934852600097656
33.11970138549805
27.402095794677734
21.7635498046875
41.719940185546875
38.393577575683594
35.01206588745117
31.7069091796875
28.463754653930664
42.806068420410156
39.659305572509766
36.40745162963867
33.293148040771484
30.122201919555664
35.11705780029297
32.02408981323242
29.094295501708984
26.36486053466797
23.872386932373047
50.938602447509766
47.41777801513672
43.82094955444336
39.796077728271484
35.83806610107422
48.616390228271484
45.37334442138672
39.800567626953125
34.124847412109375
28.24468994140625
41.092552185058594
37.925601959228516
34.700218200683594
31.36001205444336
28.10293960571289
37.62080001831055
34.11680221557617
30.304964065551758
26.956459045410156
24.813840866088867
45.77510070800781
39.382728576660156
33.065399169921875
27.04428482055664
22.05828857421875
42.83382034301758
39.68498611450195
34.98889923095703
29.882122039794922
24.46038055419922
41.93538284301758
39.56710433959961
35.189998626708984
28.849336624145508
24.802377700805664
39.96438980102539
34.08281326293945
29.01944351196289
24.461061477661133
20.809669494628906
34.458858489990234
33.3419189453125
30.04827117919922
25.84939193725586
20.458057403564453
36.79791259765625
32.56886291503906
27.766231536865234
24.237621307373047
21.85030746459961
34.34071731567383
34.26497268676758
29.406301498413086
26.754541397094727
25.157041549682617
26.72651481628418
25.670385360717773
25.122373580932617
24.94692039489746
25.464656829833984
50.74458312988281
46.24274444580078
39.99563217163086
36.59116744995117
32.80850601196289
42.32488250732422
47.410667419433594
33.95206832885742
38.433170318603516
27.722856521606445
43.69601821899414
40.58074951171875
37.601051330566406
34.39256286621094
29.439838409423828
41.181060791015625
37.922523498535156
34.5766487121582
31.331649780273438
28.135244369506836
45.19679260253906
39.5745964050293
33.06022262573242
27.431982040405273
22.536151885986328
38.75778579711914
35.112396240234375
31.478078842163086
28.029781341552734
23.830257415771484
42.83314514160156
38.981075286865234
34.659950256347656
30.131113052368164
23.618602752685547
37.85847854614258
32.55816650390625
28.35970115661621
26.7493839263916
23.09821891784668
39.51168441772461
34.41386413574219
28.928970336914062
24.370269775390625
20.814435958862305
42.45467758178711
39.03340148925781
35.63111877441406
32.27820587158203
28.996387481689453
43.17671203613281
39.89839172363281
36.668861389160156
33.52011489868164
30.444753646850586
35.891273498535156
32.84232711791992
29.902551651000977
27.141834259033203
24.54737091064453
50.327171325683594
46.9886360168457
43.300209045410156
39.46565246582031
35.494873046875
49.217018127441406
45.80770492553711
40.01218795776367
34.07579803466797
27.725112915039062
40.73661804199219
37.61318588256836
34.054046630859375
30.445697784423828
26.92287826538086
40.707054138183594
36.233097076416016
32.54289245605469
29.150163650512695
25.42228889465332
41.496604919433594
34.018795013427734
27.448261260986328
22.05858612060547
18.067930221557617
41.1590576171875
37.95140075683594
33.39713668823242
28.128246307373047
22.252723693847656
41.33823776245117
39.23374557495117
35.06877899169922
28.455116271972656
23.856494903564453
43.60870361328125
38.98467254638672
34.2701416015625
30.253265380859375
23.852924346923828
39.345951080322266
35.09104537963867
30.530263900756836
27.854509353637695
19.252483367919922
41.2590217590332
31.01244354248047
34.77014923095703
28.262224197387695
21.95455551147461
35.392215728759766
29.41379165649414
24.311731338500977
22.986942291259766
20.183917999267578
22.787582397460938
22.775970458984375
23.243316650390625
23.49664878845215
25.93349838256836
50.85319137573242
43.73222732543945
40.379756927490234
32.78187561035156
33.352779388427734
38.75351333618164
38.40642547607422
30.16893768310547
31.77360725402832
23.874723434448242
42.03990173339844
38.9019889831543
35.41594696044922
44.78936767578125
42.233787536621094
41.713417053222656
38.41090393066406
35.051395416259766
31.600284576416016
28.22471809387207
50.691566467285156
46.26275634765625
40.97771453857422
34.80778884887695
28.899951934814453
40.97149658203125
36.943241119384766
32.99220275878906
28.99245834350586
24.8381404876709
42.95099639892578
38.65016174316406
34.81303405761719
29.46761703491211
25.055360794067383
38.8731803894043
34.250160217285156
31.789409637451172
30.493675231933594
29.190303802490234
41.68583297729492
38.04109191894531
33.9814338684082
29.063825607299805
23.692739486694336
41.22090148925781
37.97840881347656
34.72913360595703
31.533370971679688
28.379222869873047
42.521141052246094
39.41826629638672
36.205230712890625
33.07520294189453
29.995410919189453
34.93440246582031
31.93929672241211
29.013904571533203
26.37052345275879
23.79037857055664
49.80125045776367
46.32838439941406
42.473907470703125
38.350990295410156
34.2003173828125
47.858238220214844
44.68389892578125
39.29566955566406
33.844966888427734
28.11610221862793
41.04969024658203
37.48051071166992
34.42435836791992
31.111148834228516
27.746925354003906
38.25729751586914
34.55213165283203
30.842287063598633
27.121028900146484
24.1856689453125
46.07384490966797
38.94255828857422
32.20865249633789
26.33968162536621
21.874671936035156
42.44395446777344
39.50600051879883
35.1471061706543
30.46898078918457
24.716915130615234
42.82714080810547
40.36156463623047
36.06410598754883
29.617393493652344
25.402498245239258
40.34528732299805
35.93988037109375
30.02760887145996
24.756643295288086
20.686695098876953
38.092132568359375
35.34076690673828
30.014039993286133
27.11248779296875
21.303998947143555
36.74769973754883
32.28007125854492
27.57781219482422
25.180795669555664
25.381872177124023
34.54571533203125
33.41008758544922
28.28818130493164
26.1521053314209
24.178468704223633
24.76984977722168
24.455005645751953
24.32048797607422
24.201509475708008
25.075246810913086
50.68845748901367
46.26625442504883
40.097129821777344
36.50910568237305
33.63081359863281
40.67884826660156
47.076393127441406
32.38534927368164
38.49919891357422
26.173015594482422
42.140445709228516
39.062774658203125
36.01219940185547
32.74776077270508
44.50946807861328
40.90766143798828
37.65373611450195
34.5391845703125
31.29408836364746
28.17838478088379
45.098575592041016
39.76675796508789
34.20632553100586
28.345441818237305
23.047637939453125
39.18559646606445
35.55751419067383
31.936386108398438
28.545413970947266
23.434185028076172
42.747093200683594
38.91710662841797
35.06477355957031
28.20081901550293
24.351369857788086
37.04100799560547
32.384300231933594
29.059858322143555
26.637664794921875
22.577178955078125
40.368263244628906
35.281639099121094
29.575626373291016
24.638614654541016
20.55992889404297
41.279640197753906
37.99245071411133
34.65242004394531
31.457721710205078
29.068925857543945
42.53708267211914
39.39471435546875
36.13563919067383
33.228965759277344
31.52839469909668
35.24201965332031
32.417152404785156
29.717666625976562
27.088871002197266
24.6291561126709
48.224544525146484
45.16524887084961
41.487464904785156
37.642333984375
33.85690689086914
47.90534973144531
44.656341552734375
39.14515686035156
33.577049255371094
28.136398315429688
41.571998596191406
37.646480560302734
34.49459457397461
31.18804168701172
28.142276763916016
37.9618034362793
34.44133758544922
30.796836853027344
27.164094924926758
24.546627044677734
47.6005744934082
40.397830963134766
33.70094680786133
28.069042205810547
23.861793518066406
41.80202102661133
38.93040084838867
34.42580795288086
29.594240188598633
24.83582305908203
43.28314208984375
40.94683837890625
36.381771087646484
29.747364044189453
25.5942325592041
40.229949951171875
35.069969177246094
29.210521697998047
24.415729522705078
20.599042892456055
36.898094177246094
34.49604797363281
30.06301498413086
23.6287899017334
20.041505813598633
39.76142120361328
31.360820770263672
28.475177764892578
23.367183685302734
24.30518341064453
34.6657600402832
32.551513671875
28.138980865478516
25.95970344543457
24.793893814086914
25.534339904785156
24.96648406982422
24.75973892211914
24.6358642578125
23.986698150634766
50.74069595336914
43.966331481933594
40.17237091064453
33.94024658203125
33.210426330566406
41.363426208496094
40.045047760009766
33.13679122924805
33.48054885864258
26.934814453125
42.12260818481445
38.60987854003906
40.86766052246094
46.793128967285156
44.59688186645508
40.74675750732422
37.542293548583984
34.24285888671875
31.090728759765625
28.664827346801758
44.79659652709961
39.13636016845703
33.344120025634766
27.79216766357422
22.730430603027344
38.74250793457031
35.006656646728516
31.558320999145508
28.164461135864258
23.843151092529297
42.37174987792969
37.5777473449707
33.87416076660156
32.01695251464844
26.553146362304688
38.7702522277832
34.60186767578125
29.318260192871094
24.51093864440918
21.433992385864258
39.638587951660156
34.9258918762207
29.186214447021484
24.208221435546875
20.3419189453125
41.86808776855469
38.5031852722168
35.11930847167969
31.922605514526367
28.95026397705078
42.916282653808594
39.75535583496094
36.517578125
33.42799377441406
30.85373306274414
35.31954574584961
32.265403747558594
29.48818016052246
26.793306350708008
24.29205894470215
50.97866439819336
47.97978210449219
44.2796745300293
40.44392395019531
36.39122772216797
48.82977294921875
45.559104919433594
39.83012390136719
33.92158889770508
27.821882247924805
40.25355529785156
37.0046272277832
33.681949615478516
30.39851188659668
27.4155216217041
39.139869689941406
34.694488525390625
31.457141876220703
27.94286346435547
25.731910705566406
45.1865348815918
37.98588943481445
31.546030044555664
26.29389190673828
22.514232635498047
40.95119857788086
37.670284271240234
33.140472412109375
28.29442596435547
23.580448150634766
42.07066345214844
39.76813888549805
35.321006774902344
28.648944854736328
24.35480308532715
42.60639572143555
38.272308349609375
33.309906005859375
26.628196716308594
21.6177978515625
38.88827896118164
33.14574432373047
30.604339599609375
26.23049545288086
22.542766571044922
33.09723663330078
35.55934143066406
27.078725814819336
24.870777130126953
22.437236785888672
35.71114730834961
31.209110260009766
27.18994140625
24.80874252319336
23.257749557495117
25.44538688659668
25.084766387939453
24.7571964263916
24.573881149291992
28.632862091064453
50.722694396972656
46.287109375
38.67812728881836
36.62457275390625
29.847980499267578
41.490272521972656
46.5131950378418
33.13472366333008
36.864654541015625
26.916358947753906
42.550106048583984
39.72252655029297
36.529022216796875
29.148273468017578
44.717708587646484
41.81743621826172
38.336097717285156
34.879295349121094
31.518043518066406
28.416458129882812
49.38555908203125
44.56443405151367
39.05207061767578
32.47148132324219
25.74054527282715
39.85393524169922
36.067176818847656
32.02775573730469
28.297992706298828
24.42523193359375
43.656890869140625
39.73797607421875
34.25596618652344
29.78193473815918
25.724445343017578
39.32557678222656
34.59339904785156
32.058902740478516
29.261398315429688
24.100467681884766
41.116336822509766
37.14251708984375
32.346866607666016
26.459064483642578
21.306976318359375
41.09580612182617
37.82658386230469
34.506553649902344
31.310562133789062
28.59626579284668
42.496788024902344
39.30644226074219
36.15032196044922
33.1254997253418
30.677412033081055
34.94796371459961
32.00403594970703
29.24066734313965
26.518054962158203
24.110549926757812
49.412803649902344
46.185890197753906
42.41370391845703
38.3628044128418
34.34942626953125
47.46288299560547
44.25714874267578
38.761688232421875
33.246734619140625
27.770355224609375
39.99260711669922
36.39934158325195
33.168609619140625
30.070707321166992
26.778766632080078
37.37125015258789
33.71363067626953
29.913902282714844
28.08051872253418
24.433067321777344
42.04381561279297
36.32107925415039
31.09044647216797
26.68543243408203
23.050357818603516
40.7535514831543
38.07162857055664
34.27585220336914
30.482982635498047
26.013086318969727
43.697265625
41.092811584472656
35.81590270996094
29.64168357849121
26.422853469848633
39.5182991027832
34.303993225097656
28.637170791625977
24.46981430053711
21.12306785583496
37.17768478393555
33.54686737060547
30.771427154541016
23.412498474121094
22.54773712158203
34.7698974609375
34.681678771972656
29.101165771484375
25.127220153808594
31.0413761138916
35.074607849121094
34.80938720703125
29.733552932739258
27.8807430267334
25.37042999267578
24.507640838623047
24.247398376464844
24.192089080810547
23.83438491821289
27.088218688964844
50.76298522949219
42.463905334472656
40.39752960205078
32.30411911010742
34.279083251953125
40.085060119628906
39.66838836669922
32.0059928894043
33.456817626953125
25.917043685913086
44.57973098754883
41.4720458984375
38.408966064453125
35.18629455566406
40.14525604248047
40.55548858642578
37.272125244140625
34.04962158203125
30.880268096923828
27.977895736694336
45.192893981933594
39.0230827331543
32.97124099731445
27.1657772064209
22.44983673095703
38.41328430175781
34.70184326171875
31.367610931396484
28.11861228942871
24.081602096557617
42.329368591308594
39.11186981201172
35.09334945678711
27.88783836364746
24.78687286376953
38.33894729614258
33.57948684692383
29.75714874267578
26.33075714111328
23.04865264892578
38.85007095336914
34.20061492919922
28.851640701293945
23.953134536743164
20.72420883178711
42.45735549926758
39.01908874511719
35.628299713134766
32.7497444152832
30.295106887817383
43.053070068359375
39.82704544067383
36.78592300415039
34.489864349365234
33.01748275756836
36.355464935302734
33.48068618774414
30.638952255249023
27.936283111572266
25.120128631591797
49.958744049072266
47.1961784362793
43.61117935180664
40.077247619628906
36.10260772705078
49.29342269897461
45.88032150268555
40.1139030456543
34.25125503540039
29.141366958618164
41.25914764404297
37.710487365722656
34.57953643798828
31.726348876953125
29.134613037109375
41.513790130615234
37.80973815917969
34.18675994873047
30.580589294433594
26.271726608276367
43.627925872802734
35.708919525146484
29.068191528320312
23.939552307128906
20.516918182373047
39.73774337768555
36.17799377441406
31.274837493896484
26.235862731933594
21.449583053588867
42.1778564453125
40.2669563293457
35.8781852722168
28.164072036743164
23.650724411010742
45.62209701538086
42.885074615478516
38.38758850097656
32.390113830566406
24.911609649658203
40.06122970581055
34.238563537597656
25.275251388549805
29.029523849487305
25.20691680908203
44.88258743286133
40.387123107910156
31.28359603881836
28.70464515686035
23.027576446533203
35.533042907714844
28.849319458007812
24.319442749023438
23.011409759521484
21.079130172729492
26.27859115600586
25.71485710144043
25.59670639038086
24.916484832763672
26.16669464111328
50.85586166381836
44.198486328125
40.32771682739258
34.02147674560547
33.755462646484375
41.13869094848633
38.7261848449707
32.76335144042969
32.339447021484375
26.414453506469727
47.88822937011719
44.78690719604492
41.78360366821289
37.42463684082031
42.26194381713867
41.986392974853516
38.4467887878418
35.20711135864258
32.17982864379883
29.367877960205078
52.332115173339844
48.801876068115234
44.48780059814453
39.439056396484375
33.26802444458008
41.57707977294922
37.71014404296875
33.831947326660156
29.651010513305664
25.493854522705078
43.59449768066406
39.41681671142578
34.334102630615234
30.300634384155273
24.80060386657715
41.62787628173828
36.93804168701172
35.0345573425293
34.03164291381836
32.136505126953125
41.751930236816406
38.91750717163086
34.94125747680664
30.455808639526367
24.726341247558594
42.54021453857422
38.958927154541016
35.38591766357422
32.019874572753906
28.740217208862305
43.3797607421875
40.158294677734375
36.81874465942383
33.60717010498047
30.44925308227539
35.33817672729492
32.113712310791016
28.90049934387207
25.93521499633789
23.2012939453125
52.55213928222656
49.21034240722656
45.22588348388672
41.0302734375
36.665035247802734
49.77496337890625
46.356624603271484
40.475372314453125
34.51650619506836
28.298503875732422
41.12723922729492
37.01264190673828
34.20234680175781
30.89203643798828
27.247386932373047
40.749290466308594
36.37327575683594
31.66522789001465
27.457916259765625
23.736934661865234
47.10350036621094
39.092681884765625
31.87638282775879
25.941146850585938
21.783184051513672
40.599754333496094
37.13941955566406
32.35505676269531
27.506715774536133
22.832639694213867
38.982444763183594
36.1751594543457
32.148223876953125
26.648357391357422
23.017070770263672
43.820289611816406
38.54718780517578
32.994407653808594
26.83318328857422
21.89822769165039
40.51420211791992
32.97205352783203
28.184402465820312
27.526317596435547
21.752422332763672
34.16345977783203
37.989105224609375
28.787635803222656
26.370147705078125
22.574979782104492
34.66281509399414
30.70711326599121
26.06500244140625
23.84585189819336
21.939002990722656
25.269207000732422
24.960037231445312
24.79458999633789
24.70992660522461
26.156766891479492
50.76583480834961
46.225162506103516
40.091522216796875
36.34856033325195
32.76984405517578
40.449886322021484
45.46278381347656
32.11854934692383
36.34654235839844
25.874948501586914
43.901668548583984
40.900760650634766
37.84243392944336
34.821048736572266
31.75011444091797
41.878929138183594
38.45710372924805
34.907310485839844
31.53186798095703
28.149635314941406
51.30025863647461
46.249080657958984
40.1795768737793
33.00611877441406
25.897186279296875
40.61574935913086
36.28567123413086
32.1904411315918
28.216001510620117
24.175378799438477
45.13297653198242
40.56350326538086
37.100547790527344
30.21588897705078
26.50384521484375
39.56917953491211
33.639949798583984
29.895103454589844
27.937498092651367
23.446016311645508
42.82286834716797
37.838714599609375
32.48036575317383
26.835479736328125
21.487197875976562
41.22203826904297
37.89427185058594
34.636661529541016
31.43581771850586
28.423776626586914
42.57579040527344
39.462738037109375
36.30683898925781
33.25636291503906
30.452301025390625
34.900386810302734
31.986865997314453
29.076929092407227
26.39082908630371
23.8411865234375
47.81181335449219
44.357093811035156
40.50984191894531
36.549495697021484
32.696685791015625
47.3143196105957
44.01352310180664
38.19610595703125
32.44808578491211
26.507659912109375
38.93480682373047
35.48774337768555
32.10773468017578
28.90412139892578
25.988204956054688
37.33168029785156
33.277793884277344
31.185298919677734
27.333059310913086
23.000091552734375
44.939605712890625
39.017662048339844
33.351505279541016
28.390501022338867
24.293298721313477
41.86111068725586
39.07463836669922
34.95799255371094
30.5255126953125
25.32097625732422
42.2166633605957
39.65739822387695
35.35870361328125
29.68783950805664
25.745046615600586
39.85943603515625
33.78818130493164
28.616432189941406
24.18045997619629
20.828046798706055
36.02183532714844
30.918521881103516
30.654033660888672
23.212196350097656
20.308250427246094
39.520877838134766
32.274932861328125
28.380218505859375
23.86225128173828
21.281810760498047
34.48322677612305
35.480567932128906
30.487850189208984
29.05579376220703
26.886600494384766
24.91756820678711
24.422073364257812
23.858158111572266
23.795568466186523
24.763202667236328
50.41887664794922
41.8877067565918
37.098243713378906
32.11014175415039
28.961992263793945
37.95201873779297
35.69160842895508
29.761903762817383
29.754640579223633
23.730281829833984
42.87502670288086
39.860233306884766
36.80907440185547
33.74761199951172
32.52812194824219
40.44076919555664
37.27318572998047
33.9989128112793
30.62941551208496
27.349990844726562
45.53585433959961
39.589927673339844
33.41172790527344
27.032962799072266
22.151308059692383
38.430110931396484
34.637298583984375
31.020893096923828
27.714447021484375
24.688800811767578
43.191341400146484
39.412540435791016
35.268531799316406
30.908620834350586
26.292797088623047
38.41193771362305
33.3818473815918
29.248985290527344
26.423614501953125
24.24144744873047
39.53366470336914
34.0162353515625
28.61471176147461
24.062179565429688
20.62578010559082
40.98399353027344
37.745914459228516
34.44163513183594
31.59375
28.82940673828125
42.335052490234375
39.28923034667969
36.0396614074707
33.49624252319336
31.280418395996094
35.070335388183594
32.28440856933594
29.50926971435547
27.062156677246094
24.512453079223633
49.834346771240234
46.79680633544922
43.18948745727539
39.44799041748047
35.685420989990234
47.663822174072266
44.46588897705078
38.998619079589844
33.483097076416016
28.414697647094727
41.42009353637695
37.47032928466797
34.60474395751953
31.326906204223633
28.354997634887695
37.263465881347656
34.08031463623047
30.535429000854492
26.8656063079834
24.961471557617188
46.11501693725586
39.67401885986328
34.0071907043457
29.689043045043945
26.55841636657715
41.28151321411133
38.28864288330078
34.399803161621094
30.44127655029297
26.576702117919922
45.35541915893555
42.75172805786133
36.93470001220703
30.053119659423828
26.18548583984375
40.138587951660156
34.78453826904297
28.614112854003906
24.415590286254883
21.972869873046875
37.74834442138672
35.64052963256836
31.310924530029297
24.700592041015625
23.084712982177734
35.082176208496094
31.59126091003418
30.579296112060547
24.8592529296875
26.96620750427246
35.3911018371582
36.46275329589844
32.415794372558594
30.131681442260742
28.4096622467041
28.924564361572266
27.15717124938965
26.14531707763672
25.468421936035156
27.745811462402344
50.735191345214844
45.06067657470703
40.380516052246094
34.899078369140625
34.19548034667969
42.254241943359375
41.95005798339844
34.23628234863281
34.810604095458984
28.15403175354004
42.877296447753906
39.75627136230469
33.573974609375
44.68413543701172
41.141029357910156
40.58017349243164
37.33903121948242
34.191009521484375
31.342002868652344
28.53736114501953
45.817989349365234
40.28081512451172
33.784671783447266
27.384674072265625
22.48284149169922
38.78048324584961
35.18272018432617
31.70223617553711
28.7729434967041
23.89885902404785
42.22782516479492
39.44218063354492
35.736534118652344
30.52367401123047
25.03462028503418
40.19413375854492
32.874080657958984
26.689037322998047
24.44797134399414
21.540586471557617
39.55622863769531
33.92555618286133
28.652984619140625
24.438785552978516
21.067724227905273
41.374046325683594
38.149410247802734
35.0924072265625
32.638404846191406
30.216022491455078
42.50992202758789
39.49761199951172
36.71330261230469
34.989715576171875
33.497737884521484
35.70980453491211
33.081565856933594
30.3696231842041
27.86522102355957
25.1512508392334
49.937828063964844
46.96487045288086
43.15338897705078
39.17079162597656
35.23237228393555
48.03955841064453
44.8607177734375
39.298484802246094
33.4500732421875
28.603702545166016
40.0706672668457
36.24827194213867
33.3614501953125
31.10439109802246
28.3791561126709
38.734657287597656
34.165061950683594
30.6480770111084
28.251705169677734
25.40087127685547
47.766605377197266
40.80476379394531
34.052249908447266
28.39786148071289
24.287273406982422
41.41059112548828
38.53303527832031
34.43507385253906
29.56656265258789
24.628904342651367
44.35383605957031
42.037452697753906
36.89678955078125
29.99437713623047
25.68783187866211
40.9058837890625
35.73099136352539
29.087867736816406
24.225772857666016
20.83549690246582
38.48694610595703
34.17686462402344
29.051204681396484
23.415029525756836
20.518306732177734
38.70536422729492
36.76865005493164
28.169023513793945
23.275230407714844
22.90267562866211
35.06293869018555
32.76007843017578
28.629169464111328
27.824932098388672
24.697359085083008
26.619915008544922
25.5968017578125
25.135135650634766
24.656906127929688
28.246747970581055
50.79010009765625
46.29693603515625
37.720252990722656
36.74909591674805
28.39103889465332
40.380470275878906
46.97847366333008
32.228370666503906
36.54242706298828
26.08332633972168
43.26286697387695
37.4554443359375
47.644962310791016
45.802284240722656
45.586360931396484
41.191139221191406
37.854164123535156
34.944427490234375
32.28295135498047
29.986087799072266
45.646968841552734
40.205970764160156
34.47924041748047
28.230857849121094
22.815589904785156
38.71066665649414
34.912845611572266
31.232013702392578
27.933748245239258
24.55877685546875
41.686767578125
38.37635803222656
32.05537414550781
29.15606689453125
24.269882202148438
39.82697296142578
36.42557144165039
30.7550048828125
26.591053009033203
22.348718643188477
39.340736389160156
35.270896911621094
29.439584732055664
24.23067283630371
20.580535888671875
42.292259216308594
38.77725601196289
35.2669677734375
32.02757263183594
28.667936325073242
43.217159271240234
39.95771026611328
36.66968536376953
33.54474639892578
30.431922912597656
35.36763381958008
32.26808166503906
29.24358558654785
26.56843376159668
24.110727310180664
50.24367904663086
46.70016860961914
42.89875793457031
38.88127517700195
34.7988166809082
49.531593322753906
46.04045867919922
40.12464904785156
34.160301208496094
28.085617065429688
40.47174835205078
36.511837005615234
33.34703826904297
30.14623260498047
26.80375862121582
40.56341552734375
35.691810607910156
31.04638671875
28.423171997070312
24.670700073242188
48.52118682861328
39.92877960205078
32.45178985595703
26.227191925048828
21.995258331298828
40.53852081298828
37.004234313964844
32.00030517578125
27.04672622680664
22.86052894592285
40.501121520996094
38.32947540283203
34.13909149169922
27.87409019470215
24.002382278442383
42.9268684387207
38.78029251098633
33.14393997192383
26.651283264160156
21.452617645263672
36.655250549316406
29.42864418029785
29.9573917388916
28.01253318786621
19.46673583984375
34.39653778076172
32.921226501464844
32.991722106933594
25.949031829833984
23.014324188232422
35.192378997802734
31.31681251525879
26.476669311523438
24.740400314331055
22.457717895507812
24.102344512939453
23.96721839904785
24.34551239013672
24.10617446899414
25.15631866455078
50.820762634277344
45.29253387451172
39.74072265625
35.42505645751953
30.902645111083984
42.6154670715332
40.527034759521484
34.008243560791016
33.972068786621094
27.687816619873047
44.387062072753906
41.26085662841797
38.231895446777344
35.14347839355469
31.87873077392578
42.02211380004883
38.44404602050781
34.910057067871094
31.471025466918945
28.10884666442871
49.70245361328125
44.720130920410156
39.066062927246094
32.521888732910156
25.812149047851562
39.89409255981445
35.766502380371094
31.781070709228516
27.74905014038086
23.74872589111328
43.77115249633789
39.223045349121094
33.72452926635742
28.720300674438477
25.29690170288086
38.952510833740234
34.02566146850586
31.551876068115234
29.26647186279297
25.859779357910156
40.93577575683594
37.05438995361328
32.355472564697266
26.855491638183594
21.207748413085938
41.819488525390625
38.49818420410156
35.11197280883789
31.88925552368164
28.807846069335938
42.764678955078125
39.5885009765625
36.414798736572266
33.31586837768555
30.51739501953125
35.44109344482422
32.476531982421875
29.626461029052734
27.02277183532715
24.46132469177246
50.6049919128418
46.25226593017578
42.54644012451172
39.48750305175781
34.36458969116211
48.71025848388672
45.37868881225586
39.75584411621094
34.07099914550781
28.073179244995117
41.22175598144531
37.81272506713867
34.410804748535156
31.25432777404785
27.886127471923828
39.34394454956055
35.01918029785156
31.345626831054688
27.853567123413086
25.3353214263916
42.166168212890625
34.97488021850586
28.40694808959961
22.972339630126953
19.247188568115234
41.54502868652344
38.48590087890625
34.360328674316406
29.736064910888672
24.523815155029297
42.513370513916016
40.33859634399414
35.97527313232422
29.322376251220703
24.890438079833984
41.618186950683594
37.51921081542969
33.255218505859375
27.4647216796875
21.89256477355957
38.654457092285156
33.50454330444336
31.11618995666504
22.24321174621582
24.83108139038086
40.132659912109375
35.180484771728516
31.180112838745117
26.980688095092773
21.57146453857422
35.57719802856445
31.87725067138672
27.795658111572266
25.64159393310547
23.628856658935547
24.265975952148438
24.269521713256836
24.52510643005371
24.276473999023438
25.260839462280273
50.778167724609375
45.63865280151367
40.208030700683594
35.0600471496582
33.36357879638672
40.21707534790039
43.03251647949219
31.74309539794922
34.53815460205078
25.469573974609375
45.506011962890625
42.42508316040039
39.40990447998047
36.170467376708984
39.854347229003906
41.590110778808594
38.21549606323242
34.94953918457031
31.560813903808594
28.51864242553711
48.198944091796875
42.793766021728516
36.96488571166992
30.700603485107422
24.93705940246582
39.95380401611328
36.14494705200195
32.1814079284668
28.555679321289062
24.52188491821289
42.703346252441406
38.36183166503906
34.70027542114258
31.11294937133789
24.510398864746094
37.872982025146484
33.501277923583984
31.33078384399414
29.84762191772461
27.226179122924805
40.4368782043457
36.16421890258789
31.357467651367188
26.494474411010742
22.113344192504883
41.753868103027344
38.57353210449219
35.45014572143555
32.281375885009766
29.358089447021484
42.84943389892578
39.81305694580078
36.708900451660156
33.729034423828125
31.021392822265625
36.12910079956055
33.15443801879883
30.329713821411133
27.708847045898438
25.14349365234375
48.78470993041992
45.29071044921875
41.454261779785156
37.427364349365234
33.34275817871094
45.9481086730957
42.90132522583008
37.68806838989258
32.20677947998047
26.049072265625
37.60684585571289
34.226173400878906
30.91282081604004
27.484037399291992
24.322946548461914
36.6933479309082
33.07011413574219
31.86621856689453
28.82866668701172
23.84720802307129
41.52820587158203
35.703182220458984
30.14690399169922
25.392419815063477
21.566293716430664
42.35017395019531
39.46842956542969
34.9512825012207
29.563373565673828
23.645244598388672
43.430572509765625
41.204471588134766
37.01252365112305
30.76828384399414
26.610889434814453
40.55681228637695
36.53333282470703
30.084657669067383
24.978919982910156
20.946414947509766
37.125579833984375
34.276668548583984
31.181337356567383
24.464595794677734
20.67579460144043
36.74259948730469
32.919837951660156
34.99732208251953
24.888282775878906
20.345916748046875
34.93464660644531
31.77477264404297
27.372514724731445
25.817785263061523
23.654842376708984
22.53736686706543
22.60324478149414
22.96678352355957
23.14822006225586
23.217185974121094
50.64945602416992
37.37335968017578
39.78068923950195
27.986974716186523
31.606313705444336
35.79644012451172
35.47700119018555
27.61791229248047
29.051572799682617
21.540010452270508
44.225555419921875
41.156776428222656
38.1312370300293
34.89546585083008
42.04054260253906
40.127357482910156
37.06554412841797
33.96221160888672
30.83474349975586
27.903573989868164
45.29022979736328
40.417694091796875
35.29850387573242
29.200416564941406
23.326589584350586
38.967376708984375
35.209815979003906
31.77499771118164
28.358009338378906
25.263141632080078
41.0358772277832
38.42915725708008
34.62028884887695
32.49702453613281
27.673839569091797
38.134979248046875
33.66135787963867
30.51730728149414
27.9837646484375
23.547718048095703
40.780696868896484
36.10660934448242
30.391504287719727
24.969690322875977
20.922231674194336
41.532684326171875
38.24320983886719
34.91730499267578
31.659107208251953
28.479707717895508
42.677215576171875
39.52235794067383
36.293556213378906
33.1469612121582
30.03972816467285
35.11878204345703
32.02508544921875
29.159353256225586
26.39501190185547
23.78476905822754
50.54113006591797
47.224212646484375
43.683448791503906
39.873634338378906
36.085269927978516
47.934295654296875
44.70893096923828
39.23863220214844
33.705474853515625
27.917743682861328
41.41108703613281
38.05378723144531
34.921836853027344
31.30695152282715
28.032121658325195
38.778770446777344
34.59544372558594
31.80392074584961
28.542644500732422
25.518198013305664
44.88978958129883
37.53755187988281
30.964431762695312
25.66265869140625
21.839401245117188
41.361846923828125
38.14069366455078
33.44743347167969
28.118492126464844
23.214736938476562
42.44966125488281
40.25893783569336
36.050392150878906
29.056995391845703
24.155359268188477
42.904048919677734
39.126495361328125
33.84376525878906
26.93722915649414
21.601966857910156
31.264028549194336
33.40040969848633
31.100540161132812
27.936477661132812
19.170631408691406
39.32797622680664
32.070556640625
29.403148651123047
24.117271423339844
23.96495819091797
35.619388580322266
31.393272399902344
26.79743194580078
24.401145935058594
22.31578826904297
24.74311637878418
24.357315063476562
24.271751403808594
23.95758056640625
25.192127227783203
50.82197189331055
43.346954345703125
40.387977600097656
33.37101745605469
33.75687789916992
41.4781608581543
38.5884895324707
33.16896057128906
32.60032653808594
26.900148391723633
41.73923110961914
38.72193908691406
35.679874420166016
30.764442443847656
42.970184326171875
40.86464309692383
37.62496566772461
34.44526672363281
31.214675903320312
28.05355453491211
48.433956146240234
44.23832702636719
39.453712463378906
33.376708984375
26.428071975708008
40.210880279541016
36.63813781738281
32.73320007324219
28.858253479003906
24.73607063293457
42.04793930053711
38.5165901184082
35.29874801635742
31.576580047607422
28.781261444091797
39.414093017578125
34.441104888916016
31.234981536865234
29.07413101196289
23.946914672851562
41.70402145385742
37.99407958984375
32.6650390625
26.691665649414062
21.482141494750977
41.77143478393555
38.30864334106445
34.88658142089844
31.57301902770996
28.322811126708984
42.9393196105957
39.709991455078125
36.385887145996094
33.20319366455078
30.04928207397461
35.06531524658203
31.99571990966797
29.007675170898438
26.33844757080078
23.817842483520508
50.78132629394531
47.453163146972656
43.47666931152344
39.43389129638672
35.40261459350586
48.77684783935547
45.32795333862305
39.5228271484375
33.75143814086914
27.900676727294922
41.063262939453125
37.45566940307617
34.16404342651367
30.87986183166504
27.54539680480957
39.09144973754883
34.72167205810547
31.68103790283203
28.41942596435547
25.028308868408203
44.75330352783203
38.06770706176758
31.906097412109375
26.82801055908203
23.190074920654297
40.7121696472168
37.278892517089844
32.83899688720703
28.748075485229492
24.605924606323242
40.637474060058594
38.54423904418945
34.305442810058594
28.31393814086914
24.793777465820312
41.862884521484375
36.99435806274414
31.301803588867188
25.619842529296875
21.26422691345215
36.39962387084961
33.855491638183594
31.552133560180664
28.004762649536133
20.821523666381836
40.223384857177734
33.58909225463867
30.163423538208008
25.916858673095703
23.54635238647461
35.03037643432617
33.33790588378906
29.156326293945312
26.36517333984375
24.534744262695312
25.970726013183594
25.520572662353516
25.071897506713867
25.14613151550293
26.040056228637695
50.822303771972656
43.93390655517578
40.388885498046875
33.867431640625
34.12431335449219
40.99464416503906
39.03478240966797
32.75985336303711
32.340797424316406
26.59348487854004
44.525245666503906
41.53244400024414
38.487022399902344
35.47364807128906
29.14952278137207
41.16618728637695
37.732948303222656
34.468929290771484
31.128854751586914
27.92763900756836
48.97985076904297
44.04047393798828
37.6131706237793
30.631877899169922
24.310157775878906
39.3604850769043
35.45035934448242
31.659225463867188
28.08475685119629
24.361713409423828
42.65795135498047
39.056671142578125
35.3463020324707
31.08089256286621
25.528438568115234
39.0045051574707
33.90983200073242
30.34703826904297
27.58785057067871
22.794658660888672
40.46169662475586
36.03818130493164
30.879323959350586
25.55764389038086
21.08025550842285
41.08262634277344
37.796329498291016
34.52429962158203
31.40221405029297
28.20053482055664
42.57505798339844
39.40904998779297
36.18022537231445
33.103267669677734
30.016387939453125
34.628658294677734
31.529605865478516
28.465343475341797
25.536090850830078
22.849443435668945
49.90620040893555
46.1651611328125
42.031524658203125
37.73582458496094
33.763023376464844
47.7122688293457
44.43299102783203
38.91327667236328
33.385013580322266
27.645244598388672
40.30699920654297
36.97518539428711
33.76956558227539
30.46446990966797
27.17397689819336
36.96430969238281
32.74454879760742
29.479564666748047
25.972013473510742
23.08814811706543
46.091880798339844
39.76631164550781
33.590370178222656
28.199935913085938
24.269819259643555
42.667938232421875
39.79658508300781
35.62257385253906
31.246728897094727
25.729602813720703
42.88475036621094
40.058555603027344
35.46582794189453
29.54918670654297
25.095090866088867
38.6103515625
33.20702362060547
28.641183853149414
24.79924964904785
21.376209259033203
35.29450988769531
32.043540954589844
27.948301315307617
23.83690643310547
20.713088989257812
39.1535530090332
32.46677017211914
29.655757904052734
23.45009994506836
23.165069580078125
35.72724914550781
34.52072525024414
31.566036224365234
28.529468536376953
26.358644485473633
23.956188201904297
23.760595321655273
23.601713180541992
23.650569915771484
24.362911224365234
50.126251220703125
43.95527648925781
39.626243591308594
33.69062042236328
33.422935485839844
39.66603469848633
38.38112258911133
31.574832916259766
31.775787353515625
25.466732025146484
43.30086135864258
40.269508361816406
37.280029296875
34.26056671142578
31.244295120239258
40.6595458984375
37.32737350463867
34.04913330078125
30.7993106842041
27.60437774658203
42.58100128173828
36.7055549621582
31.169126510620117
26.486417770385742
22.359638214111328
38.012481689453125
34.80588912963867
31.522932052612305
28.325115203857422
24.32565689086914
43.068138122558594
39.322166442871094
35.55604553222656
32.2508659362793
27.960241317749023
37.30125045776367
31.86081314086914
28.15789222717285
25.251976013183594
22.744338989257812
38.6385612487793
33.86090087890625
28.660621643066406
24.153663635253906
21.185165405273438
41.80817413330078
38.43166732788086
35.0041618347168
32.053504943847656
29.653968811035156
42.78129959106445
39.59993362426758
36.35928726196289
33.93986129760742
32.51499938964844
35.65331268310547
32.82375717163086
30.11461067199707
27.589515686035156
25.016088485717773
48.47095489501953
45.117156982421875
41.42184829711914
37.63996887207031
34.01204299926758
48.67780303955078
45.37493896484375
39.72608184814453
34.03135299682617
29.126903533935547
41.6066780090332
37.84785461425781
34.783050537109375
31.3851375579834
28.52828025817871
38.5599365234375
34.57953643798828
31.127092361450195
28.467056274414062
24.20455551147461
46.38232421875
38.77677536010742
32.14204025268555
26.7751407623291
22.974884033203125
41.42694091796875
38.12794494628906
33.32002639770508
28.568103790283203
24.13469123840332
41.54447555541992
39.50399398803711
35.21915054321289
28.884746551513672
25.033435821533203
42.068443298339844
37.434486389160156
32.168495178222656
26.041603088378906
21.383703231811523
33.995811462402344
33.90267562866211
31.908428192138672
28.19171142578125
20.43951988220215
33.62017059326172
29.795419692993164
27.47083282470703
24.57951545715332
22.673057556152344
35.07035827636719
32.221343994140625
27.952880859375
25.834152221679688
23.89464569091797
28.987293243408203
27.245220184326172
26.360488891601562
25.675933837890625
28.71953010559082
50.810020446777344
44.89314651489258
40.41735076904297
34.996917724609375
34.37290573120117
43.25782012939453
40.98822784423828
34.93992233276367
34.490257263183594
28.649999618530273
44.797672271728516
41.764923095703125
36.13780212402344
45.15427017211914
42.899497985839844
41.410125732421875
38.07171630859375
34.69001388549805
31.729337692260742
29.2012939453125
48.053897857666016
42.94488525390625
37.46324920654297
30.99888038635254
24.94732093811035
39.49752426147461
35.647647857666016
31.761821746826172
28.281784057617188
24.82181167602539
43.153076171875
39.26425552368164
33.550498962402344
28.548892974853516
25.189868927001953
39.454322814941406
35.40734100341797
33.236061096191406
31.179840087890625
23.796180725097656
40.23574447631836
36.274818420410156
31.863996505737305
25.919002532958984
21.044353485107422
42.174625396728516
39.08377456665039
35.791446685791016
32.58418655395508
29.316797256469727
43.27143859863281
40.25506591796875
37.04598617553711
33.93946075439453
30.733728408813477
35.96564865112305
32.89808654785156
29.68313980102539
26.737926483154297
23.809568405151367
46.6971435546875
43.11557388305664
39.511474609375
35.639835357666016
31.58014488220215
47.28968811035156
44.414859771728516
39.19462966918945
33.341949462890625
27.13840675354004
40.30725860595703
37.00760269165039
33.62266159057617
30.144941329956055
26.628711700439453
35.45356750488281
32.34307861328125
29.354171752929688
26.60467529296875
23.312149047851562
33.73473358154297
26.663246154785156
21.57729721069336
17.947940826416016
15.700515747070312
45.02261734008789
41.45124816894531
36.28493881225586
29.627151489257812
22.816944122314453
34.12812423706055
33.16138458251953
30.584739685058594
26.954334259033203
22.940990447998047
44.902313232421875
42.013526916503906
37.44776153564453
34.025474548339844
29.68060302734375
33.15884780883789
32.20418167114258
29.930225372314453
26.9156551361084
24.96657371520996
37.12673568725586
38.46348190307617
30.103519439697266
33.31908416748047
26.983047485351562
34.856163024902344
26.578596115112305
25.71118927001953
24.595500946044922
22.908658981323242
21.68381690979004
22.078182220458984
21.961444854736328
22.46304702758789
23.901071548461914
43.985450744628906
41.721893310546875
33.447540283203125
31.67051124572754
26.885469436645508
38.81608581542969
33.999420166015625
30.094932556152344
28.13718032836914
23.689132690429688
42.82925033569336
39.718994140625
36.55851745605469
33.44373321533203
30.431922912597656
41.3765869140625
38.20975875854492
34.96397018432617
31.694793701171875
28.413373947143555
48.18424606323242
44.57109832763672
41.121986389160156
37.9750862121582
33.907554626464844
41.0981330871582
37.68157196044922
38.60369110107422
30.468372344970703
26.907512664794922
43.446407318115234
40.68574905395508
36.072662353515625
32.44145965576172
27.804107666015625
42.31611251831055
36.77833938598633
33.3451042175293
31.063020706176758
29.092866897583008
42.953182220458984
41.12651062011719
37.38380813598633
31.68379783630371
25.614032745361328