45.030059814453125
40.93585205078125
36.80181121826172
33.07052993774414
29.354116439819336
52.870704650878906
49.17729949951172
44.98239517211914
40.89569854736328
36.90254592895508
36.56603240966797
32.693260192871094
29.1567325592041
25.6455020904541
22.38130760192871
59.40203094482422
55.31853103637695
50.15782165527344
45.16044235229492
39.574405670166016
53.319488525390625
49.581573486328125
42.89828872680664
36.0484619140625
29.003822326660156
43.3939208984375
39.440914154052734
36.1763801574707
32.508121490478516
28.514633178710938
40.7840576171875
35.57103729248047
33.16494369506836
28.461896896362305
24.0636043548584
41.56684875488281
33.77288818359375
27.100360870361328
22.117141723632812
18.7156982421875
41.71238327026367
36.81197738647461
30.385522842407227
24.87333106994629
19.741365432739258
53.78082275390625
47.86492919921875
36.9377555847168
26.407672882080078
21.685266494750977
46.433448791503906
39.58053207397461
32.74985122680664
25.145648956298828
19.161212921142578
34.4359245300293
32.87628173828125
28.288219451904297
25.489994049072266
22.80303955078125
38.740211486816406
28.831634521484375
25.20724868774414
23.65591812133789
24.017841339111328
32.937278747558594
29.738285064697266
25.239299774169922
23.27755355834961
21.03795051574707
23.24490737915039
22.37950325012207
21.998592376708984
21.410062789916992
22.64984130859375
29.758487701416016
25.326553344726562
19.319631576538086
15.778617858886719
13.393644332885742
34.786705017089844
28.341449737548828
26.08510971069336
21.146076202392578
19.67289161682129
100.0
100.0
100.0
100.0
100.0
44.83684158325195
40.59230041503906
36.4692497253418
32.54111862182617
28.88235855102539
54.33735275268555
49.34321594238281
42.570335388183594
34.02714920043945
25.25295639038086
40.58332443237305
35.755741119384766
31.079797744750977
26.661758422851562
22.78850555419922
43.79533767700195
37.98744583129883
30.155521392822266
28.14873695373535
21.891807556152344
52.458396911621094
44.03843688964844
38.96098327636719
32.17723083496094
20.86212921142578
43.68037796020508
37.18796157836914
30.634628295898438
24.11576271057129
18.9979248046875
42.256046295166016
38.48917770385742
35.01683807373047
31.587743759155273
28.385883331298828
49.774375915527344
45.998191833496094
42.23511505126953
38.51541519165039
34.93597412109375
34.92950439453125
31.651838302612305
28.345014572143555
25.064680099487305
22.114643096923828
55.530303955078125
50.6928825378418
45.3691291809082
39.90481185913086
34.56260299682617
50.305362701416016
46.441158294677734
40.115570068359375
33.98982238769531
27.45680046081543
39.99003601074219
35.787227630615234
32.27330017089844
28.971120834350586
25.64502716064453
38.02989196777344
35.10942077636719
32.1546516418457
30.831472396850586
23.83142852783203
45.55917739868164
38.79405212402344
32.62004089355469
27.60786247253418
23.869504928588867
39.80405807495117
36.599517822265625
32.520904541015625
28.344223022460938
21.57685089111328
51.3035774230957
44.52263641357422
35.77140426635742
28.671512603759766
25.06279754638672
38.602691650390625
32.708580017089844
26.76778793334961
22.630050659179688
19.55470848083496
50.717247009277344
32.11271286010742
21.526226043701172
20.98008918762207
18.512985229492188
32.65517807006836
29.217205047607422
25.243844985961914
21.54789924621582
18.85480499267578
32.92053985595703
33.5108528137207
29.83462142944336
28.354537963867188
26.122419357299805
24.115798950195312
23.41301918029785
23.17035675048828
23.29220199584961
23.400856018066406
29.743350982666016
25.337081909179688
19.357192993164062
15.802192687988281
13.715084075927734
37.70368957519531
32.600399017333984
29.345176696777344
26.352275848388672
23.090763092041016
100.0
100.0
100.0
100.0
100.0
43.32099914550781
39.411376953125
35.91324234008789
32.38333511352539
29.032516479492188
46.94828414916992
39.165061950683594
31.440954208374023
25.05077362060547
20.136137008666992
37.3472785949707
33.32938766479492
29.673864364624023
26.055057525634766
21.559635162353516
42.103912353515625
37.734859466552734
33.38591003417969
27.676998138427734
21.859966278076172
43.85374069213867
35.03090286254883
26.231367111206055
22.268505096435547
20.31062889099121
38.15367126464844
32.027366638183594
26.293289184570312
22.13184356689453
19.1246280670166
41.37207794189453
38.100807189941406
34.7088737487793
31.383285522460938
28.240060806274414
47.986244201660156
44.62390899658203
41.22883224487305
37.836299896240234
34.469608306884766
34.668636322021484
31.529518127441406
28.252017974853516
25.142419815063477
22.0627384185791
50.70405960083008
46.187599182128906
41.969757080078125
37.37959671020508
32.717716217041016
48.191368103027344
44.83579635620117
39.169342041015625
33.48264694213867
27.498933792114258
40.662620544433594
37.216373443603516
33.94962692260742
30.504539489746094
27.054927825927734
37.08521270751953
32.720848083496094
29.98724365234375
26.769887924194336
21.51279640197754
44.402130126953125
38.17234802246094
32.27223205566406
27.250642776489258
23.334199905395508
42.54415512084961
39.384544372558594
34.73503875732422
29.643024444580078
22.516870498657227
48.81001281738281
44.480751037597656
37.16592788696289
29.52340316772461
24.57547950744629
38.50358581542969
31.563806533813477
26.365772247314453
21.893409729003906
19.02037239074707
34.099220275878906
31.335128784179688
22.109153747558594
20.860088348388672
17.965850830078125
37.27488708496094
28.561962127685547
29.300125122070312
20.615516662597656
16.31988525390625
31.531112670898438
33.544342041015625
29.142932891845703
27.564453125
25.377227783203125
24.4986515045166
23.998981475830078
24.480403900146484
24.460031509399414
23.905834197998047
29.774477005004883
25.460708618164062
19.397775650024414
15.92110824584961
13.524145126342773
33.453311920166016
28.663999557495117
25.273910522460938
21.905935287475586
19.14442253112793
100.0
100.0
100.0
100.0
100.0
40.69812774658203
37.11897659301758
33.84967041015625
30.511720657348633
27.22241973876953
42.634281158447266
36.543922424316406
30.014665603637695
24.161396026611328
19.379594802856445
37.19351577758789
33.57051467895508
30.151897430419922
26.778276443481445
21.65280532836914
44.3529167175293
40.63250732421875
37.06203842163086
29.47110939025879
26.081159591674805
44.48200225830078
35.907806396484375
26.628650665283203
22.83829689025879
20.486886978149414
37.673439025878906
31.51402473449707
25.704418182373047
21.394184112548828
18.695390701293945
41.99766159057617
38.429195404052734
34.932472229003906
31.613399505615234
28.293373107910156
49.6297492980957
45.71415328979492
41.96739959716797
38.474151611328125
34.83676528930664
34.79396057128906
31.569698333740234
28.20411491394043
25.133197784423828
22.03209114074707
47.63689041137695
43.479759216308594
39.614349365234375
35.445858001708984
31.445932388305664
50.10702133178711
46.284366607666016
40.00697326660156
33.925750732421875
27.57638931274414
41.0914306640625
35.81011962890625
32.93281173706055
29.472553253173828
26.039958953857422
37.86336135864258
33.66679382324219
31.284826278686523
26.097135543823242
22.086355209350586
46.473419189453125
39.91925811767578
33.818321228027344
28.602764129638672
24.480045318603516
40.37710189819336
37.346317291259766
33.696903228759766
29.31032371520996
22.532508850097656
50.95257568359375
44.431236267089844
35.86185073852539
28.796586990356445
24.50006103515625
35.27712631225586
29.733806610107422
25.505573272705078
21.3320255279541
18.772815704345703
33.03723907470703
29.862628936767578
29.118709564208984
20.09208869934082
18.424684524536133
33.756683349609375
27.6561336517334
24.242612838745117
22.269065856933594
16.555543899536133
31.458782196044922
36.10023880004883
30.635875701904297
29.174697875976562
26.96044921875
26.66826629638672
26.089885711669922
25.536380767822266
25.684715270996094
22.5302734375
29.78776741027832
25.33081817626953
19.35348129272461
15.788688659667969
13.586963653564453
34.85369110107422
29.052383422851562
26.674936294555664
22.181203842163086
20.53533363342285
100.0
100.0
100.0
100.0
100.0
42.24773025512695
38.72453308105469
35.20311737060547
31.7844181060791
28.54450035095215
43.47522735595703
34.88988494873047
28.0490779876709
23.051111221313477
18.887144088745117
36.34465789794922
32.66349792480469
29.391826629638672
26.360158920288086
20.14307975769043
42.583580017089844
39.02960968017578
34.18211364746094
29.651395797729492
19.797819137573242
44.26852798461914
32.33073806762695
26.1685848236084
23.43903350830078
19.70220947265625
35.23503112792969
29.500953674316406
24.908527374267578
21.40810775756836
18.417278289794922
46.21989440917969
41.92449188232422
37.84819793701172
33.96615982055664
30.059659957885742
54.13861846923828
50.123931884765625
45.973758697509766
41.77470397949219
37.3734245300293
37.255252838134766
33.45580291748047
29.81827163696289
26.312461853027344
22.884422302246094
55.93067932128906
52.288108825683594
47.67032241821289
42.462440490722656
36.82176971435547
53.94374084472656
50.19091796875
43.202308654785156
35.53984451293945
27.417766571044922
42.56174087524414
38.14025115966797
34.7349967956543
30.74456214904785
26.66478157043457
42.22081756591797
37.204071044921875
32.37215042114258
27.05024528503418
22.944910049438477
43.49595642089844
34.673065185546875
26.761917114257812
20.589447021484375
16.373212814331055
42.907867431640625
38.414669036865234
31.570114135742188
24.031417846679688
16.925182342529297
54.20545959472656
48.05778503417969
37.57997512817383
26.476037979125977
20.836984634399414
49.46068572998047
42.13099670410156
35.192108154296875
28.0325984954834
21.063159942626953
33.86323547363281
31.451385498046875
28.210323333740234
19.829137802124023
20.83108901977539
38.4876708984375
47.65243148803711
30.008968353271484
22.91553497314453
19.6393985748291
32.545772552490234
26.87300682067871
22.211181640625
19.790264129638672
17.262609481811523
19.94211769104004
20.193286895751953
20.526992797851562
20.709867477416992
25.074949264526367
29.8016357421875
25.42975616455078
19.554794311523438
15.911425590515137
14.079042434692383
31.7893009185791
26.750995635986328
23.049171447753906
20.36332130432129
16.614315032958984
100.0
100.0
100.0
100.0
100.0
45.03137969970703
41.015052795410156
36.888423919677734
32.80611801147461
28.8316707611084
54.113624572753906
48.59172821044922
42.10307693481445
34.41456985473633
26.96660804748535
41.468692779541016
36.171974182128906
31.400854110717773
26.63875389099121
21.54270362854004
48.783287048339844
42.849205017089844
37.09700012207031
29.651391983032227
24.789363861083984
53.07256317138672
45.532928466796875
40.953277587890625
37.618045806884766
32.02228927612305
44.85436248779297
38.84231948852539
32.92281723022461
26.92264175415039
20.902528762817383
43.59827423095703
39.991188049316406
36.0508918762207
32.44466781616211
28.866851806640625
49.43952560424805
46.035667419433594
42.46352767944336
38.733802795410156
35.03108215332031
36.33323287963867
32.659698486328125
29.077693939208984
25.891658782958984
22.626392364501953
53.83374786376953
50.16240692138672
45.90412139892578
41.200469970703125
37.08938217163086
48.150848388671875
44.876407623291016
39.16097640991211
33.07879638671875
26.587387084960938
41.48691177368164
35.59395217895508
32.20688247680664
28.862035751342773
25.38734245300293
37.297218322753906
33.22597122192383
33.09041976928711
28.25731658935547
24.16511344909668
39.24725341796875
32.47053527832031
26.42205810546875
21.797435760498047
18.535192489624023
40.956939697265625
36.52528762817383
30.51483154296875
24.598690032958984
18.57843017578125
52.58400344848633
47.12778091430664
36.96513748168945
26.72336196899414
21.975439071655273
45.41521453857422
38.29515075683594
31.85127067565918
25.058948516845703
19.197223663330078
34.43644714355469
29.832775115966797
27.37662124633789
24.824581146240234
19.804443359375
36.93885040283203
36.39370346069336
27.537452697753906
23.212329864501953
20.249374389648438
32.7230339050293
29.220909118652344
24.345548629760742
22.33047103881836
20.196287155151367
22.046955108642578
21.493927001953125
21.246938705444336
20.696298599243164
20.79050064086914
29.7646427154541
25.727497100830078
19.30966567993164
16.368356704711914
13.339276313781738
30.223291397094727
26.4791259765625
21.953472137451172
20.382587432861328
15.804109573364258
100.0
100.0
100.0
100.0
100.0
40.5882682800293
37.15564727783203
33.74911880493164
30.31041717529297
26.80361557006836
51.28864288330078
46.43329620361328
39.984825134277344
32.83218765258789
24.797225952148438
39.396121978759766
34.8962287902832
30.447938919067383
26.205835342407227
21.872116088867188
43.17658996582031
38.3056755065918
32.629119873046875
28.747844696044922
24.747154235839844
51.399131774902344
43.47013854980469
36.86492919921875
32.53593826293945
20.528852462768555
43.472755432128906
37.609161376953125
31.246807098388672
24.80893898010254
18.936622619628906
43.35525894165039
39.74115753173828
35.9385986328125
32.37482452392578
28.893718719482422
50.62666320800781
47.0673828125
43.26287078857422
39.607120513916016
35.86576461791992
35.699012756347656
32.21577072143555
28.810434341430664
25.442419052124023
22.215898513793945
57.36715316772461
53.23512649536133
48.304630279541016
42.54684829711914
37.09423828125
51.07643127441406
47.533878326416016
41.42452621459961
35.146183013916016
28.472776412963867
42.06487274169922
38.82858657836914
35.530757904052734
31.904146194458008
28.241714477539062
39.16825485229492
34.61351776123047
29.85126304626465
25.7004337310791
22.266738891601562
42.824501037597656
36.345741271972656
29.894590377807617
23.935697555541992
19.108125686645508
43.36273956298828
39.673954010009766
34.11498260498047
28.020084381103516
20.991607666015625
51.91856002807617
46.65025329589844
37.64146423339844
27.888282775878906
22.819286346435547
40.59196090698242
33.23750305175781
27.19924545288086
22.05292510986328
18.25259780883789
51.12257385253906
30.38670539855957
27.04851531982422
24.131359100341797
17.03741455078125
34.62769317626953
29.694194793701172
24.73508644104004
20.962602615356445
18.215328216552734
31.619091033935547
31.365467071533203
26.54145050048828
23.94371223449707
22.284128189086914
23.927438735961914
23.013404846191406
22.702083587646484
22.673736572265625
23.163339614868164
29.773836135864258
25.33470344543457
19.332185745239258
15.801602363586426
13.46020221710205
33.85128402709961
27.807144165039062
25.368289947509766
20.9511661529541
19.104887008666992
100.0
100.0
100.0
100.0
100.0
42.214866638183594
38.76007080078125
35.09965515136719
31.696874618530273
28.282081604003906
45.97431945800781
39.23274612426758
31.78748321533203
25.659996032714844
20.20553970336914
38.0516357421875
33.90863800048828
29.963584899902344
26.317520141601562
21.55988883972168
44.482330322265625
39.39410400390625
33.88826370239258
28.824560165405273
21.515499114990234
47.02043914794922
38.062255859375
28.44937515258789
26.68260955810547
21.278886795043945
39.80251693725586
33.32898712158203
27.009803771972656
21.99906349182129
18.300777435302734
45.26832962036133
41.339988708496094
37.43241882324219
33.49955368041992
29.816930770874023
52.458038330078125
48.516136169433594
44.570804595947266
40.61924743652344
36.5549430847168
37.12187957763672
33.48155212402344
29.82125473022461
26.285160064697266
22.966768264770508
52.53209686279297
49.13996124267578
44.97801208496094
40.38826370239258
35.60226058959961
52.267574310302734
48.515621185302734
41.931766510009766
34.9489860534668
27.467042922973633
42.192298889160156
36.84559631347656
32.92639923095703
29.072059631347656
25.410877227783203
41.577510833740234
36.61868667602539
33.17716598510742
28.478282928466797
23.521617889404297
38.50578689575195
30.929363250732422
24.202463150024414
18.905668258666992
15.034473419189453
41.94351577758789
37.95283508300781
32.242218017578125
25.51285743713379
17.944992065429688
53.04446792602539
46.9276008605957
37.22523498535156
27.276887893676758
21.78246307373047
46.394466400146484
39.34439468383789
32.68113708496094
28.098936080932617
21.281511306762695
36.70919418334961
32.21991729736328
27.56957244873047
25.80388641357422
16.12337303161621
38.733070373535156
28.03752899169922
31.84267234802246
25.355369567871094
18.813304901123047
32.43574142456055
26.410539627075195
21.275671005249023
19.95831871032715
17.04015350341797
19.827836990356445
19.947208404541016
20.580768585205078
20.869003295898438
23.708179473876953
29.768482208251953
25.67382049560547
19.320232391357422
16.327388763427734
13.41783618927002
29.84960174560547
25.389774322509766
21.243568420410156
19.642621994018555
14.941976547241211
100.0
100.0
100.0
100.0
52.792720794677734
43.25431823730469
39.663673400878906
35.89228820800781
31.995914459228516
28.06393814086914
52.59058380126953
47.66080856323242
41.23194122314453
33.7876091003418
27.04014015197754
40.947021484375
35.96763229370117
31.466638565063477
27.048049926757812
22.310693740844727
45.13719940185547
39.614070892333984
34.29592514038086
28.357818603515625
22.660581588745117
51.3936767578125
43.2276611328125
38.38255310058594
35.627017974853516
32.67234802246094
45.15803909301758
39.035945892333984
33.2432861328125
27.083648681640625
21.13517951965332
42.31105422973633
38.87202453613281
35.44335174560547
32.04220199584961
28.74346160888672
49.20671463012695
45.88142013549805
42.28761672973633
38.752742767333984
35.364559173583984
35.34149169921875
31.95128631591797
28.618879318237305
25.42471694946289
22.1827335357666
52.64344787597656
48.37694549560547
43.53705596923828
38.42152404785156
33.465763092041016
49.474761962890625
46.05900573730469
40.29880142211914
34.49552917480469
28.263948440551758
41.705440521240234
37.916038513183594
34.77924728393555
31.196903228759766
27.552156448364258
38.93406295776367
34.97553634643555
30.561260223388672
25.465099334716797
22.5272274017334
43.12031555175781
35.90556335449219
29.094280242919922
23.296308517456055
18.917423248291016
42.64455795288086
39.10588073730469
34.02350616455078
28.47362518310547
21.04922103881836
49.95075607299805
45.228267669677734
37.60230255126953
28.541393280029297
23.598472595214844
40.061737060546875
34.58724594116211
28.116952896118164
22.311904907226562
18.040830612182617
35.35201644897461
32.44184875488281
27.65224266052246
24.453622817993164
18.241558074951172
33.85070037841797
29.298622131347656
24.50054168701172
22.471935272216797
22.419063568115234
31.64788818359375
30.446260452270508
25.32980728149414
23.232152938842773
21.285924911499023
21.977930068969727
21.750261306762695
21.477651596069336
21.427371978759766
21.841638565063477
29.76513671875
25.34716796875
19.319198608398438
15.811848640441895
13.364020347595215
32.033775329589844
25.97191047668457
23.678363800048828
19.28363609313965
17.44808006286621
100.0
100.0
100.0
100.0
100.0
41.74305725097656
38.22457504272461
34.99869918823242
31.59345817565918
28.33247184753418
45.09965515136719
39.09716796875
32.72281265258789
26.3251953125
20.607526779174805
38.17652130126953
34.21644973754883
30.345008850097656
26.868682861328125
20.639942169189453
44.145660400390625
39.50254440307617
35.16573715209961
26.232650756835938
24.866779327392578
45.47712707519531
38.57270050048828
31.566856384277344
26.493671417236328
20.564983367919922
40.19748306274414
33.96125411987305
27.52439308166504
22.20989418029785
17.94416618347168
42.522579193115234
38.926300048828125
35.33483123779297
31.86959457397461
28.518028259277344
49.55272674560547
45.88735580444336
42.24153518676758
38.6099853515625
35.027809143066406
35.3144416809082
31.92330551147461
28.571109771728516
25.29117202758789
22.168825149536133
48.66045379638672
45.24726486206055
41.13563919067383
36.8856201171875
32.754066467285156
49.634925842285156
46.07936096191406
40.045108795166016
33.973487854003906
27.697689056396484
42.349220275878906
36.80704879760742
33.66058349609375
30.207860946655273
26.85103416442871
38.37565612792969
34.37194061279297
30.039649963378906
25.208316802978516
21.668903350830078
44.662193298339844
37.42680358886719
30.656766891479492
25.056198120117188
20.894668579101562
41.566062927246094
38.15100860595703
32.8621940612793
27.167675018310547
21.043407440185547
50.550350189208984
45.09531021118164
36.647972106933594
28.10733985900879
23.39011001586914
39.435726165771484
33.363101959228516
26.783544540405273
21.747713088989258
17.816539764404297
47.9293212890625
32.661869049072266
27.29402732849121
20.702722549438477
16.83643341064453
36.97452163696289
28.40217399597168
25.557056427001953
19.96659278869629
21.441810607910156
31.797922134399414
29.608327865600586
25.20789337158203
23.021541595458984
21.758298873901367
22.669336318969727
22.148101806640625
22.01031494140625
21.952390670776367
20.727981567382812
29.774267196655273
25.42300796508789
19.320783615112305
15.892525672912598
13.411301612854004
32.49123001098633
27.20210075378418
24.22112274169922
20.99363136291504
18.00617218017578
100.0
100.0
100.0
62.898231506347656
51.200775146484375
41.42279052734375
37.95920944213867
34.41425704956055
31.134735107421875
27.831890106201172
44.93213653564453
38.35428237915039
31.65217399597168
25.536678314208984
20.01327133178711
37.49689865112305
33.37457275390625
29.771556854248047
26.222900390625
21.050048828125
43.76641845703125
37.54157638549805
32.91070556640625
31.447484970092773
24.909751892089844
48.39759826660156
39.27111053466797
28.196075439453125
22.067930221557617
18.7467098236084
39.619117736816406
33.44976806640625
26.83966064453125
21.57632064819336
17.611234664916992
43.808902740478516
39.922943115234375
36.219783782958984
32.677120208740234
29.160049438476562
51.42403030395508
47.67335510253906
43.727325439453125
39.951168060302734
35.992488861083984
35.919464111328125
32.29362869262695
28.963111877441406
25.645626068115234
22.515472412109375
57.21277618408203
53.66563415527344
48.67485046386719
43.200775146484375
37.620967864990234
51.80179977416992
48.15882873535156
41.49110412597656
34.3753776550293
26.988813400268555
41.11842727661133
37.69432830810547
34.07969284057617
30.45130729675293
26.48063850402832
41.92218017578125
35.42310333251953
32.02122116088867
27.126483917236328
22.370590209960938
42.215065002441406
34.99774169921875
28.42841339111328
23.237104415893555
19.54012107849121
41.11198425292969
37.14972686767578
31.57656478881836
25.44617462158203
18.86549949645996
52.46800994873047
46.74715042114258
36.53315353393555
27.348663330078125
22.384469985961914
43.528255462646484
37.367820739746094
31.448118209838867
24.2148380279541
18.953657150268555
36.15920639038086
29.442758560180664
27.61465835571289
23.15725326538086
19.602014541625977
30.081504821777344
33.432376861572266
24.07659149169922
21.781898498535156
19.07497215270996
32.80692672729492
28.28729248046875
24.199247360229492
21.848878860473633
20.19156265258789
22.580150604248047
22.434606552124023
22.19499397277832
21.864622116088867
29.37809944152832
29.75299644470215
25.36801528930664
19.560916900634766
15.819783210754395
14.032240867614746
32.803409576416016
26.876121520996094
24.37272834777832
20.748674392700195
18.12312126159668
100.0
100.0
100.0
100.0
83.55171966552734
43.86414337158203
39.78559494018555
35.8488883972168
32.08509826660156
28.497745513916016
50.80241775512695
45.0001220703125
38.396141052246094
30.868736267089844
23.507526397705078
39.204620361328125
34.79229736328125
30.256099700927734
26.184017181396484
21.52033233642578
46.09198760986328
40.56647491455078
33.504905700683594
29.148090362548828
24.520971298217773
48.985870361328125
41.696937561035156
37.33054733276367
30.919553756713867
22.331844329833984
42.7603874206543
36.69744873046875
30.6472225189209
24.002178192138672
18.633216857910156
42.14586639404297
38.56367492675781
34.92768859863281
31.531713485717773
28.387168884277344
49.2609748840332
45.545902252197266
41.71809387207031
38.08933639526367
34.60940933227539
35.084651947021484
31.70149040222168
28.488256454467773
25.174104690551758
22.206912994384766
52.512542724609375
48.38276290893555
43.50953674316406
38.4508056640625
33.696014404296875
49.03010559082031
45.38807678222656
39.27461242675781
33.25688552856445
27.028501510620117
40.15843200683594
35.01125717163086
31.64889907836914
28.509729385375977
24.915760040283203
36.56353759765625
33.186161041259766
28.39250373840332
26.825380325317383
22.305192947387695
39.045860290527344
33.316871643066406
28.080904006958008
23.68878173828125
20.066909790039062
39.722984313964844
36.61992645263672
32.396461486816406
27.875967025756836
20.806608200073242
50.928611755371094
44.81582260131836
35.78364562988281
28.567874908447266
24.538982391357422
38.06769943237305
32.22533416748047
26.413681030273438
21.96051597595215
18.632091522216797
49.547420501708984
46.12700653076172
28.061126708984375
20.76447296142578
19.510595321655273
31.872913360595703
32.01296615600586
26.17386817932129
22.00147819519043
30.73749542236328
32.314048767089844
31.864423751831055
26.781875610351562
24.994060516357422
22.43086814880371
21.661113739013672
21.582019805908203
21.627958297729492
20.895286560058594
25.721607208251953
29.754573822021484
25.536426544189453
19.305397033691406
16.06959342956543
13.295896530151367
31.251941680908203
25.90532684326172
23.120563507080078
19.174646377563477
17.0191650390625
88.36726379394531
88.36726379394531
88.36726379394531
88.36726379394531
88.36726379394531
41.099205017089844
37.52437210083008
34.08749771118164
30.71851921081543
27.41226577758789
45.10440444946289
37.72243118286133
30.87310028076172
24.747825622558594
19.89348793029785
36.82191467285156
32.906333923339844
29.52280044555664
26.13064193725586
19.54216194152832
43.575279235839844
39.282630920410156
34.76808166503906
28.269447326660156
23.548274993896484
48.152164459228516
38.833351135253906
30.05160140991211
24.958879470825195
20.785778045654297
37.56538772583008
32.44321823120117
26.641273498535156
21.45909309387207
18.135129928588867
46.014244079589844
41.635406494140625
37.33547592163086
33.32181930541992
29.571125030517578
53.79709243774414
49.613529205322266
45.247467041015625
40.9714469909668
36.764671325683594
36.98424530029297
33.19343948364258
29.40871810913086
26.001588821411133
22.57439613342285
53.64801788330078
50.81633758544922
46.69839859008789
42.285423278808594
37.188514709472656
53.196834564208984
49.39972686767578
42.60120391845703
35.52741241455078
28.261524200439453
43.20622253417969
39.38848114013672
35.67146682739258
31.718795776367188
27.806819915771484
42.92818069458008
38.06618118286133
34.44480514526367
29.80938148498535
24.197856903076172
40.642784118652344
32.71541213989258
25.89565658569336
20.84952163696289
17.50992774963379
41.18939971923828
35.91659164428711
29.3660888671875
23.360843658447266
17.751453399658203
53.274200439453125
47.599151611328125
36.44057846069336
25.882246017456055
20.881135940551758
51.698875427246094
45.283287048339844
37.640899658203125
30.286447525024414
22.14789581298828
37.35617446899414
31.30615234375
22.210369110107422
26.03582000732422
22.207975387573242
42.21110916137695
37.65367889404297
28.37874984741211
25.779788970947266
19.891765594482422
32.56753158569336
25.832767486572266
21.247194290161133
19.890588760375977
17.868431091308594
23.387073516845703
23.03101348876953
23.003753662109375
22.068431854248047
23.784454345703125
29.773452758789062
25.523345947265625
19.325517654418945
16.019468307495117
13.406447410583496
32.13090133666992
28.080596923828125
23.746463775634766
21.449766159057617
17.393085479736328
100.0
100.0
100.0
100.0
80.28776550292969
44.2442741394043
40.071380615234375
35.93977355957031
31.854625701904297
27.97614860534668
55.62016296386719
51.18644332885742
45.58184814453125
39.146453857421875
31.79685401916504
41.95868682861328
36.844478607177734
32.16511535644531
27.498661041259766
22.97572135925293
46.46226501464844
40.07354736328125
33.996585845947266
29.3643856048584
22.433012008666992
58.121761322021484
49.62562942504883
44.27393341064453
40.95023727416992
33.72677993774414
45.76152801513672
39.87592697143555
33.62862014770508
28.14405059814453
21.950780868530273
44.860252380371094
40.54792404174805
36.52948760986328
32.74852752685547
29.212833404541016
53.106964111328125
49.049530029296875
44.64950942993164
40.63819885253906
36.552490234375
36.1575927734375
32.59265899658203
28.961915969848633
25.623138427734375
22.41336441040039
58.01417922973633
54.28572082519531
49.14741516113281
43.447052001953125
37.689884185791016
53.607276916503906
49.500892639160156
42.516990661621094
35.5709228515625
28.389299392700195
42.47123336791992
36.40955352783203
33.63960647583008
30.20601463317871
26.32447052001953
41.89529800415039
37.035709381103516
31.551368713378906
27.43746566772461
22.469268798828125
44.207340240478516
36.19003677368164
28.873071670532227
23.08702278137207
19.12022590637207
40.94641876220703
36.57603073120117
30.975093841552734
25.32666015625
19.436599731445312
54.07161331176758
47.178932189941406
36.15180206298828
26.528106689453125
21.774837493896484
46.44166564941406
39.21321105957031
32.64246368408203
25.38315200805664
20.00387191772461
38.768653869628906
41.27100372314453
47.668487548828125
24.573467254638672
18.758928298950195
31.160905838012695
35.941551208496094
25.969600677490234
24.174755096435547
19.662151336669922
32.11845016479492
27.937963485717773
23.46815299987793
21.330421447753906
19.366634368896484
22.91197967529297
23.115768432617188
23.274066925048828
23.403152465820312
27.118755340576172
29.773021697998047
25.351045608520508
19.34771156311035
15.83797550201416
13.538612365722656
32.28833770751953
26.353351593017578
23.8946533203125
19.820219039916992
17.630102157592773
100.0
100.0
100.0
100.0
100.0
43.24848175048828
39.515777587890625
35.49573516845703
31.790939331054688
28.218381881713867
53.46253204345703
47.12408447265625
39.669830322265625
31.447153091430664
23.886096954345703
40.099815368652344
35.178855895996094
30.687740325927734
26.497692108154297
22.274005889892578
48.24473571777344
42.278778076171875
38.01258850097656
29.869869232177734
25.318870544433594
47.40358352661133
39.81483840942383
34.2080078125
31.00238609313965
23.272052764892578
43.49540328979492
37.432472229003906
31.384849548339844
25.22455406188965
19.39017677307129
41.749271392822266
38.24066925048828
34.81133270263672
31.4730167388916
28.242904663085938
47.69281005859375
44.3165168762207
40.67936325073242
37.169803619384766
33.598167419433594
34.98429870605469
31.87940788269043
28.571481704711914
25.50843048095703
22.495100021362305
47.83449172973633
44.080509185791016
39.78192138671875
35.40495681762695
31.213584899902344
47.21832275390625
43.778106689453125
37.825897216796875
31.685558319091797
25.08087921142578
39.23346710205078
35.55644607543945
31.93049430847168
28.51654815673828
24.838979721069336
35.90361785888672
32.41297912597656
31.65553092956543
26.679208755493164
21.205041885375977
42.04731369018555
36.08479690551758
30.39567756652832
25.444461822509766
21.377273559570312
40.568885803222656
37.3414192199707
32.4486083984375
26.421371459960938
18.641971588134766
49.75810241699219
44.571617126464844
36.60873031616211
28.913166046142578
24.52141761779785
39.735225677490234
32.26778793334961
26.632749557495117
21.798816680908203
18.356155395507812
33.14224624633789
28.149911880493164
27.705631256103516
20.713623046875
17.456453323364258
39.89815902709961
30.32400131225586
25.643007278442383
20.90312957763672
18.1759090423584
31.74137306213379
32.673213958740234
27.698020935058594
26.263328552246094
24.17391586303711
22.07209587097168
21.593961715698242
21.007984161376953
20.683456420898438
22.202720642089844
29.8155517578125
25.77066421508789
19.576038360595703
16.241844177246094
14.059722900390625
29.148548126220703
28.552873611450195
20.933263778686523
22.556066513061523
14.896537780761719
100.0
100.0
100.0
100.0
100.0
39.10807800292969
35.66962432861328
32.21610641479492
28.757545471191406
25.46371078491211
45.100921630859375
38.370521545410156
31.723655700683594
25.06901741027832
19.91275405883789
36.95744323730469
32.8341178894043
28.66380500793457
24.277263641357422
19.4798583984375
44.31682205200195
39.67149353027344
34.376800537109375
30.50825309753418
26.044170379638672
46.546024322509766
38.838035583496094
30.178831100463867
26.22113037109375
22.8848819732666
39.22062301635742
32.58494567871094
26.553001403808594
21.667640686035156
18.073766708374023
42.029571533203125
38.48231887817383
34.9288215637207
31.556245803833008
28.219322204589844
49.273109436035156
45.67100143432617
41.949363708496094
38.377662658691406
34.88123321533203
34.95722961425781
31.659542083740234
28.249820709228516
25.173282623291016
21.93798828125
55.28886795043945
51.11524200439453
46.10091781616211
41.072113037109375
36.3115348815918
49.54927444458008
45.943504333496094
39.86680221557617
33.86941909790039
27.81793785095215
42.048587799072266
36.5975456237793
33.76381301879883
30.346813201904297
26.99573516845703
36.78575897216797
33.881874084472656
29.269685745239258
24.823871612548828
21.73129653930664
43.142547607421875
36.68238830566406
31.009666442871094
26.693513870239258
23.55376434326172
40.728172302246094
37.064212799072266
32.576908111572266
28.072355270385742
22.951013565063477
50.89794158935547
45.29917907714844
36.110015869140625
28.219633102416992
24.163618087768555
38.42565155029297
32.45091247558594
25.995197296142578
21.638391494750977
19.60854721069336
36.05890655517578
32.73466491699219
28.345081329345703
21.549869537353516
19.926774978637695
32.10541534423828
28.703672409057617
28.13034439086914
21.504343032836914
23.996044158935547
32.47026824951172
33.49560546875
29.44522476196289
27.173643112182617
25.450326919555664
26.008346557617188
24.170190811157227
23.094253540039062
22.120361328125
26.393062591552734
29.757640838623047
25.36583709716797
19.302154541015625
15.866724014282227
13.298596382141113
33.44858932495117
28.17399787902832
25.369709014892578
21.76190185546875
19.26423454284668
100.0
100.0
100.0
66.52143859863281
51.114013671875
41.19694137573242
37.675079345703125
34.354862213134766
31.0306339263916
27.712881088256836
45.87785339355469
39.251914978027344
31.76874542236328
24.855167388916016
19.52812385559082
37.164886474609375
33.31844711303711
29.756803512573242
26.816875457763672
19.61184310913086
42.6628532409668
38.81339645385742
33.989376068115234
28.499372482299805
22.680187225341797
49.729225158691406
32.04529571533203
24.398357391357422
21.905059814453125
18.67662811279297
37.9443244934082
31.47968101501465
26.001842498779297
21.80940818786621
18.438262939453125
42.904747009277344
39.316593170166016
35.65103530883789
32.253318786621094
28.75270652770996
50.13264465332031
46.4989013671875
42.87134552001953
39.011375427246094
35.14641189575195
35.35462951660156
32.04804229736328
28.661396026611328
25.612937927246094
22.466476440429688
55.681739807128906
51.542877197265625
45.93155288696289
40.40058517456055
35.333744049072266
50.669837951660156
46.985618591308594
40.310882568359375
33.191001892089844
26.034652709960938
40.89331817626953
36.67184066772461
33.09990692138672
29.704673767089844
25.9315128326416
39.463050842285156
33.84028625488281
27.87337303161621
23.822368621826172
21.359073638916016
44.85722351074219
37.79967498779297
30.97789764404297
25.35759925842285
21.28864288330078
41.28764724731445
37.65761184692383
32.477535247802734
26.02953338623047
18.818130493164062
51.15748596191406
45.607383728027344
36.50213623046875
27.898597717285156
22.900867462158203
40.387535095214844
33.86640548706055
26.498327255249023
21.401470184326172
17.975706100463867
35.83732604980469
31.23478889465332
25.440767288208008
20.286766052246094
17.338764190673828
36.24882888793945
34.98488235473633
25.112380981445312
19.94539451599121
19.56916046142578
32.15239715576172
29.80126953125
25.691959381103516
24.88790512084961
21.698808670043945
23.690549850463867
22.60163116455078
22.017534255981445
21.452342987060547
25.95608901977539
29.782514572143555
25.327259063720703
19.81121826171875
15.789728164672852
14.370837211608887
31.43520164489746
25.699298858642578
23.253067016601562
19.60679817199707
17.09457015991211
100.0
100.0
77.86982727050781
63.04462432861328
61.56468200683594
42.75712966918945
38.97719192504883
35.440486907958984
31.729434967041016
28.533708572387695
46.4796257019043
39.831748962402344
32.85387420654297
25.824588775634766
19.952180862426758
37.29524230957031
33.08460998535156
28.990768432617188
25.121191024780273
20.482988357543945
41.95590591430664
37.599308013916016
31.464908599853516
27.347251892089844
21.344356536865234
50.24406051635742
42.73180389404297
29.375295639038086
24.134632110595703
19.537158966064453
38.61064529418945
33.45347595214844
26.887561798095703
21.446331024169922
17.722265243530273
44.344425201416016
40.41686248779297
36.35424041748047
32.84073257446289
29.075029373168945
51.91123962402344
48.051361083984375
44.1242790222168
40.08226776123047
36.05575180053711
36.0907096862793
32.52261734008789
28.90998077392578
25.593297958374023
22.438745498657227
51.752017974853516
48.18940734863281
44.005393981933594
39.25456237792969
34.427696228027344
52.24605178833008
48.46807861328125
41.83730697631836
34.92698287963867
27.52581024169922
41.6614875793457
34.99335479736328
31.856529235839844
28.477046966552734
24.786144256591797
40.82122802734375
35.25164794921875
30.05535125732422
27.29713249206543
22.806541442871094
45.661922454833984
37.00371551513672
29.21430778503418
23.111492156982422
19.03531265258789
40.99250411987305
36.571964263916016
30.405338287353516
24.425846099853516
18.361629486083984
51.774959564208984
45.781192779541016
36.17073059082031
26.517559051513672
21.83102798461914
45.60776138305664
39.19620895385742
32.27936553955078
24.398239135742188
18.849767684936523
33.87192153930664
26.425445556640625
28.21502685546875
25.028385162353516
16.053176879882812
31.402151107788086
30.274669647216797
30.680082321166992
23.095489501953125
20.12792205810547
32.3018684387207
28.336179733276367
23.48119354248047
21.806428909301758
19.419979095458984
21.30600929260254
21.358564376831055
21.700286865234375
21.332815170288086
22.532846450805664
29.7784423828125
25.408931732177734
19.421525955200195
15.875619888305664
13.745850563049316
34.007179260253906
29.336946487426758
25.330673217773438
22.614946365356445
18.986215591430664
100.0
100.0
100.0
100.0
100.0
43.88251495361328
39.67964172363281
35.70816421508789
31.9228572845459
28.146343231201172
50.9074592590332
45.17250442504883
38.679901123046875
31.279071807861328
23.896467208862305
39.72591781616211
34.82509231567383
30.226642608642578
25.737499237060547
20.977985382080078
46.260765075683594
40.09693145751953
33.1824836730957
27.297985076904297
23.931188583374023
49.24388122558594
41.88754653930664
37.9146728515625
32.382118225097656
25.291725158691406
43.58539962768555
37.487403869628906
31.02654457092285
24.601146697998047
18.55960464477539
43.82939147949219
40.144615173339844
36.37451934814453
32.82478713989258
29.226482391357422
51.10111618041992
47.52387237548828
43.81053161621094
40.03143310546875
36.280399322509766
36.123268127441406
32.60354232788086
29.10198974609375
25.77960968017578
22.536832809448242
58.12928771972656
52.643985748291016
46.971187591552734
42.1796875
34.84666442871094
51.53521728515625
47.85350036621094
41.60001754760742
35.18048095703125
28.257633209228516
42.85138702392578
39.21799087524414
35.3568115234375
31.857540130615234
27.70507049560547
40.13750457763672
35.46543884277344
31.27737045288086
26.523418426513672
22.820167541503906
39.18800735473633
31.82776641845703
25.199182510375977
19.88348388671875
16.25093650817871
41.903968811035156
38.06289291381836
33.04277801513672
27.536020278930664
20.43374252319336
52.236473083496094
46.37039566040039
37.19504928588867
27.968168258666992
22.71307945251465
41.97815704345703
36.50418472290039
31.32296371459961
24.9559326171875
19.136629104614258
35.88880157470703
30.5667781829834
29.464752197265625
19.26085090637207
21.83067512512207
37.312137603759766
32.229732513427734
28.341781616210938
24.09866714477539
18.238807678222656
32.633026123046875
28.902477264404297
24.7847843170166
22.651832580566406
20.62453269958496
21.39472007751465
21.621654510498047
21.851110458374023
21.566856384277344
23.126129150390625
29.759550094604492
25.41400909423828
19.32207489013672
16.001895904541016
13.379721641540527
31.327465057373047
25.769433975219727
22.82291603088379
19.504281997680664
16.53803062438965
100.0
100.0
100.0
100.0
100.0
43.59546661376953
39.83330535888672
36.06044006347656
32.26308059692383
28.542814254760742
49.35845184326172
43.054664611816406
36.172950744628906
28.8784236907959
22.5529842376709
39.279056549072266
34.89291763305664
30.496532440185547
26.670116424560547
21.98154067993164
44.77259063720703
39.01406478881836
34.88581085205078
29.87973976135254
22.306468963623047
46.689544677734375
39.0275764465332
35.057926177978516
32.239463806152344
26.827713012695312
41.471702575683594
35.41168975830078
29.480789184570312
24.077442169189453
19.407814025878906
40.18546676635742
36.94573974609375
33.79401397705078
30.475257873535156
27.280818939208984
43.34306335449219
40.203880310058594
36.88529586791992
33.561309814453125
30.231304168701172
35.9377555847168
32.62795639038086
29.358787536621094
26.251163482666016
23.205169677734375
50.70212936401367
46.713748931884766
42.093658447265625
37.1827507019043
32.35281753540039
41.914085388183594
38.822052001953125
33.56644821166992
28.107479095458984
22.289724349975586
37.68244552612305
32.113426208496094
28.713428497314453
25.16575813293457
21.809436798095703
31.315513610839844
27.825424194335938
31.14142608642578
27.70390510559082
19.440082550048828
38.5250129699707
32.696075439453125
27.131471633911133
22.38851547241211
18.580352783203125
38.725852966308594
35.22419738769531
29.783710479736328
23.216156005859375
16.131999969482422
50.61548614501953
46.65644073486328
38.80524444580078
30.079288482666016
25.09380340576172
40.90133285522461
35.33457565307617
28.123729705810547
22.49457359313965
18.263259887695312
34.27692794799805
51.81017303466797
28.235586166381836
21.568248748779297
17.75642204284668
41.4735221862793
29.98650360107422
32.163169860839844
21.929119110107422
17.319072723388672
32.11309814453125
28.863256454467773
24.513229370117188
23.01082992553711
20.77436065673828
19.560983657836914
19.614299774169922
19.967958450317383
20.06780433654785
20.584089279174805
29.756263732910156
28.039478302001953
19.379066467285156
18.73826789855957
13.539520263671875
26.847030639648438
23.892030715942383
18.64845848083496
18.526126861572266
12.56855583190918
100.0
100.0
100.0
100.0
100.0
36.9692268371582
33.76500701904297
30.552568435668945
27.30757713317871
23.985027313232422
46.14814758300781
40.60713195800781
34.252899169921875
27.262401580810547
20.99036407470703
35.50419235229492
31.240062713623047
27.163145065307617
23.057767868041992
19.29222869873047
40.85259246826172
38.39049530029297
34.045372009277344
31.47164535522461
25.60128402709961
48.20449447631836
41.10410690307617
33.78531265258789
28.088762283325195
21.6834659576416
41.434844970703125
35.298492431640625
28.348434448242188
22.47296905517578
18.30837059020996
42.8709602355957
39.3406867980957
35.81529235839844
32.306602478027344
28.927900314331055
49.3418083190918
46.110748291015625
42.49571990966797
39.073726654052734
35.44795608520508
35.70748519897461
32.296607971191406
28.96490478515625
25.584941864013672
22.232192993164062
55.64320373535156
52.040443420410156
47.627201080322266
42.39986801147461
37.268898010253906
49.122474670410156
45.80119323730469
40.11827850341797
34.23743438720703
27.889530181884766
42.3701057434082
38.951419830322266
35.73173141479492
31.718341827392578
28.125154495239258
39.52663040161133
34.09328079223633
32.04734420776367
27.081253051757812
24.66313934326172
41.93675231933594
34.55882263183594
27.864166259765625
22.612163543701172
18.860855102539062
42.40028762817383
38.43224334716797
32.33387756347656
25.750215530395508
19.74982261657715
50.35639190673828
45.801475524902344
37.88068389892578
27.73435401916504
22.343721389770508
44.72763442993164
38.82999038696289
32.20634078979492
24.501935958862305
18.874465942382812
28.27548599243164
32.95270538330078
28.121374130249023
24.95279312133789
15.831157684326172
37.125465393066406
29.149600982666016
26.50163459777832
20.927692413330078
20.937692642211914
32.66445541381836
28.389244079589844
23.741884231567383
21.317951202392578
19.128755569458008
21.823633193969727
21.572689056396484
21.660743713378906
21.28098487854004
23.580446243286133
29.770898818969727
25.454757690429688
19.316944122314453
15.933266639709473
13.388372421264648
32.88703918457031
28.15282440185547
24.49834632873535
21.393417358398438
18.201379776000977
100.0
100.0
100.0
100.0
61.60923767089844
41.54021453857422
38.12944030761719
34.815223693847656
31.385814666748047
28.09832000732422
48.65671157836914
44.31670379638672
39.07793426513672
32.11431884765625
24.317245483398438
39.86723327636719
35.64836883544922
31.19501495361328
26.96476936340332
22.57500648498535
43.212772369384766
39.06296920776367
34.92160415649414
31.008846282958984
27.428451538085938
50.081809997558594
42.75991439819336
36.28833770751953
31.760351181030273
22.1708984375
44.071311950683594
38.024723052978516
30.937021255493164
24.178260803222656
18.767194747924805
43.11451721191406
39.31832504272461
35.60135269165039
32.00605010986328
28.62099838256836
50.39978790283203
46.56962966918945
42.79914855957031
38.925537109375
35.33572006225586
35.48536682128906
32.02334976196289
28.652803421020508
25.360939025878906
22.197797775268555
54.0540771484375
50.290557861328125
45.53715515136719
40.614463806152344
35.727577209472656
50.7412109375
47.00414276123047
40.637542724609375
34.308860778808594
27.887401580810547
41.74337387084961
36.59186935424805
33.26234436035156
29.936321258544922
26.436546325683594
39.92259216308594
34.65704345703125
31.50519561767578
27.38680076599121
24.085119247436523
41.80305099487305
35.11725616455078
28.91587257385254
23.886768341064453
20.302440643310547
40.561744689941406
36.354705810546875
31.174633026123047
26.539913177490234
20.979026794433594
50.34669494628906
45.27742385864258
35.993961334228516
27.314208984375
23.273757934570312
43.22452926635742
36.59056091308594
29.759492874145508
23.38827896118164
18.714998245239258
55.675411224365234
30.967365264892578
28.61642837524414
25.039310455322266
17.56678581237793
37.48278045654297
31.465003967285156
27.583816528320312
23.063819885253906
20.850948333740234
32.27165985107422
30.461027145385742
26.29500389099121
23.562915802001953
21.698402404785156
23.202136993408203
22.979248046875
22.557464599609375
23.000324249267578
25.142438888549805
29.7594051361084
25.50383758544922
19.308584213256836
15.990360260009766
13.316930770874023
32.269737243652344
27.60343360900879
24.01648712158203
20.87081527709961
17.840330123901367
100.0
100.0
100.0
100.0
100.0
42.022789001464844
38.35037612915039
34.86444091796875
31.31223487854004
27.901348114013672
49.78886413574219
44.17341613769531
36.79014587402344
29.128742218017578
22.256364822387695
38.87599182128906
34.31680679321289
30.12856674194336
26.329513549804688
22.302589416503906
44.034339904785156
39.56224822998047
35.28942108154297
30.462646484375
25.88732147216797
47.91496276855469
40.81187438964844
33.637168884277344
27.65646743774414
20.95212173461914
41.914939880371094
35.63623046875
29.13774299621582
23.209707260131836
18.586841583251953
41.686370849609375
38.236053466796875
34.819091796875
31.609811782836914
28.275238037109375
48.31148147583008
44.90680694580078
41.40301513671875
37.948726654052734
34.52560043334961
34.84246063232422
31.629871368408203
28.399259567260742
25.203325271606445
22.09902000427246
53.64403533935547
48.521812438964844
42.86425018310547
37.39793395996094
32.72697830200195
48.74045944213867
45.253299713134766
39.444000244140625
33.63577651977539
27.517887115478516
40.96424102783203
37.53278350830078
34.19979476928711
30.708215713500977
27.158802032470703
37.1056022644043
32.60810089111328
28.569528579711914
25.152748107910156
21.83111572265625
43.391510009765625
37.007598876953125
30.74448585510254
25.337757110595703
21.445480346679688
42.352745056152344
39.208980560302734
34.68487548828125
29.46201515197754
21.89621353149414
49.67824935913086
44.882110595703125
37.28597640991211
29.311912536621094
24.342605590820312
38.50848388671875
32.06291961669922
26.975385665893555
22.73688316345215
19.170534133911133
39.074432373046875
47.13684844970703
24.947872161865234
21.138072967529297
18.20835304260254
36.39510726928711
30.937891006469727
26.83590316772461
20.379932403564453
19.776905059814453
32.970088958740234
31.67085838317871
28.75476837158203
25.742876052856445
23.65005874633789
21.17711639404297
20.979942321777344
20.839385986328125
20.646411895751953
22.274459838867188
29.790958404541016
25.450326919555664
19.341827392578125
16.00640106201172
13.35990047454834
31.54994773864746
26.42366600036621
23.388755798339844
20.131072998046875
17.25835418701172
100.0
100.0
100.0
100.0
100.0
40.93073272705078
37.3958740234375
34.00414276123047
30.576473236083984
27.18214225769043
41.92921447753906
35.64947509765625
29.718530654907227
24.75946617126465
20.263975143432617
37.06814193725586
33.695953369140625
30.270292282104492
26.862449645996094
21.748943328857422
44.129981994628906
39.68921661376953
35.003170013427734
31.501190185546875
27.095136642456055
46.01378631591797
38.052650451660156
30.030494689941406
26.062225341796875
22.202144622802734
38.5486946105957
32.55271911621094
26.53882598876953
21.755752563476562
18.973997116088867
43.69469451904297
39.87043762207031
36.01972961425781
32.38490295410156
28.78544044494629
51.17757797241211
47.36274337768555
43.31642150878906
39.55949401855469
35.78248977661133
35.75442123413086
32.25684356689453
28.74668312072754
25.52983856201172
22.26959991455078
49.08562469482422
45.40242004394531
41.34312057495117
37.19036865234375
33.21949768066406
51.333229064941406
47.661781311035156
41.30686950683594
34.920963287353516
28.415603637695312
42.841552734375
37.144630432128906
33.97651672363281
30.423725128173828
26.787635803222656
39.26559829711914
34.52339553833008
30.07150650024414
26.018789291381836
21.482393264770508
43.47423553466797
35.83460998535156
29.046016693115234
23.747116088867188
20.027935028076172
41.726318359375
37.46944046020508
31.65091323852539
26.091476440429688
20.471296310424805
49.66649627685547
44.93085479736328
36.00971984863281
27.115673065185547
22.362443923950195
42.90715026855469
36.699073791503906
30.33877182006836
23.537158966064453
18.596284866333008
34.096893310546875
31.007291793823242
28.97049331665039
25.202512741088867
16.981399536132812
30.61967658996582
26.643856048583984
24.308452606201172
21.331634521484375
18.805431365966797
32.22962951660156
29.300479888916016
24.987659454345703
22.817258834838867
20.77814292907715
25.981042861938477
24.05116081237793
22.997426986694336
22.0755558013916
26.525049209594727
29.771141052246094
25.4149227142334
19.30773162841797
15.879658699035645
13.297174453735352
34.41871643066406
29.762372970581055
26.027450561523438
22.469738006591797
19.716636657714844
100.0
100.0
100.0
76.98445892333984
61.1928596496582
42.79071044921875
39.068748474121094
35.28153610229492
31.644641876220703
28.05929183959961
49.173805236816406
43.10110092163086
36.60279083251953
29.22653579711914
22.516700744628906
38.637245178222656
34.215694427490234
29.957191467285156
26.268516540527344
22.392854690551758
46.02293395996094
40.51617431640625
33.838340759277344
27.421947479248047
22.65944480895996
50.404136657714844
42.60852813720703
36.15019989013672
31.475780487060547
21.20145606994629
42.6253662109375
35.993988037109375
30.0771541595459
23.33474349975586
18.297746658325195
42.7281608581543
39.59648513793945
36.21354675292969
32.85549545288086
29.433992385864258
46.967254638671875
44.11457443237305
40.93321990966797
37.749366760253906
34.26533508300781
36.64865493774414
33.4032096862793
30.0136775970459
26.76154136657715
23.449596405029297
46.33366394042969
42.40149688720703
38.32236862182617
34.00123977661133
29.70301628112793
46.89121627807617
43.913673400878906
38.526493072509766
32.599082946777344
26.085786819458008
41.235435485839844
38.14345169067383
34.66752243041992
30.774314880371094
26.75581169128418
34.31312561035156
31.344146728515625
28.640056610107422
25.15348243713379
21.93215560913086
30.972253799438477
23.868576049804688
18.566375732421875
15.058280944824219
12.866167068481445
44.601558685302734
40.689788818359375
34.46504592895508
26.17247772216797
17.96959686279297
36.104148864746094
35.34783935546875
31.891002655029297
27.324993133544922
21.86647605895996
45.793617248535156
44.223751068115234
39.292518615722656
36.403839111328125
29.33631706237793
36.680057525634766
31.10881996154785
27.995880126953125
24.708538055419922
22.317405700683594
34.537269592285156
41.07436752319336
27.928630828857422
31.667268753051758
24.082735061645508
31.996692657470703
23.81262969970703
22.847854614257812
21.762733459472656
20.110576629638672
18.85260581970215
19.275514602661133
19.141843795776367
19.7882022857666
22.533538818359375
30.821861267089844
25.843379974365234
20.458934783935547
16.404422760009766
14.571992874145508
30.507936477661133
27.648399353027344
21.57098388671875
21.657394409179688
15.10910415649414
100.0
100.0
100.0
100.0
100.0
42.11638641357422
38.90568161010742
35.610687255859375
32.10643005371094
28.570316314697266
47.16389465332031
43.311519622802734
39.97166061401367
37.09067153930664
33.03174591064453
40.3275260925293
36.540306091308594
37.42572021484375
28.145082473754883
24.061601638793945
43.78861999511719
40.21711349487305
34.86170959472656
31.674423217773438
27.106979370117188
55.815223693847656
48.35479736328125
42.50457000732422
38.77216720581055
35.832340240478516
47.033302307128906
43.092689514160156
36.93705749511719
29.694564819335938
23.458316802978516