37.80299127796482
34.84496149997837
31.764338329773455
28.818146935998886
25.82609250368978
43.56603803488116
40.7431937634091
37.77010104302508
34.79679263626997
31.795679266913837
33.00229472884026
29.899082616801675
26.90681403408928
23.850532432300803
20.888634994793705
42.695444350135176
39.71686420106073
36.666491472611206
33.87494279309126
30.65005533386017
42.24100635997004
39.345280199721685
34.4087663263481
29.379920504931004
24.126034016945518
38.19188741721716
34.62871817618679
31.775737892337013
28.765452103775967
25.501514129202224
36.26274013885985
32.16312252498776
29.92084798298627
26.079531028116584
22.517710834411254
34.611234929419666
29.401346267176557
24.491017787807564
20.56597564582557
17.74543160041239
35.30856325256592
31.814428591839423
27.142250600230096
22.88756775904848
18.67028408754534
41.12246124628036
36.56115166999882
30.080744356713236
23.690107394009132
20.17125726332595
36.97289334178121
32.70721140175227
28.32176265389637
22.92227062541931
18.142472431916026
32.33405734028008
30.74447966871123
26.351703178803568
23.456165018310763
20.851588851577333
34.69142066203288
26.83509347090333
23.6808803943344
21.993402434029683
21.66956553202274
31.21644471397321
28.109070804042812
24.17172223130089
22.304418814345702
20.238540951952654
22.844549007894514
22.072744762978026
21.776156956936966
21.234351687913843
22.452626245709
29.750006241131963
25.321106551943437
19.318003137855182
15.778168321711858
13.389048151628343
33.05613897001652
27.065005656870746
25.106697885803886
20.289727269484167
19.088131988422766
100.0
100.0
100.0
100.0
100.0
37.370081699352355
34.414799667362026
31.418641907619282
28.38613384401014
25.410216860493755
41.02108020605327
37.39087670898299
33.30923317790463
28.22202776163499
22.37498320020181
34.48832630425676
31.040227627947445
27.57028696075874
24.146917150299988
21.03871758097112
37.21621744807916
33.30901085379933
27.678083081907406
25.97830797299073
20.52753326009408
41.8316259078719
36.74702331925703
33.45051938114122
28.903841954537235
19.504162182450916
35.800474826784324
31.614958708609166
27.077112459665894
22.21661069382548
18.013551614498684
37.84974773715516
34.809995881866946
31.832602351457282
28.817584307090215
25.901330093369825
43.611369185495086
40.7830421166903
37.82896866737914
34.83824986098596
31.8147196963867
32.9588377978498
30.010623138297
26.951667136831034
23.846447342647522
21.00738205096066
43.093359137997226
40.07250374647359
36.92322641401291
33.5619131282133
29.98378774496633
42.231043983090004
39.33449086830477
34.40274001945254
29.40538678944769
24.131849101451934
36.745287618163665
32.888982244568545
29.60533682880261
26.58447549505493
23.553917161482076
35.735547691756864
33.21091934681541
30.54226863953273
29.375029578381348
23.219349923908887
40.229682835541844
35.100675576198434
30.237512195832352
26.175149920594126
23.0187330007355
36.062954677249344
33.53858859050594
30.312176899547904
26.90896533844434
21.11134582165544
42.344583646143235
38.13465346904752
32.35296637527556
27.0706382158615
24.107799888396762
34.73094126485514
30.260394889140308
25.50896205940633
21.955096659567825
19.184831916618535
46.056076950107176
30.146938774412703
21.09837456322723
20.23133584512501
17.91965261279296
30.72110151776975
27.79809687348846
24.39454122788858
20.47393625463421
17.819703126146784
31.332518152364198
31.885236994292047
28.664394107568626
27.373437420039288
25.336239159422014
23.773270154119093
23.11789172985221
22.930548063269786
23.081561519885373
23.187382847187763
29.73362903718959
25.3291494320624
19.353985510997397
15.799686098990268
13.708056428728897
36.6265017151591
31.72188245998441
28.744542697209987
25.73643155854349
22.730865106683744
100.0
100.0
100.0
100.0
100.0
38.563936011095386
35.523449449972524
32.59724109807677
29.544811019175945
26.53048359226688
39.41406654091828
34.33406796816085
28.810106200171653
23.703595686558426
19.428663714175265
34.15479277561487
30.867269633492977
27.809997925286222
24.76900871140865
20.97183222863714
37.257691260055964
33.89759773080699
30.310997906102205
26.217586750000383
21.093882434721532
39.834876667108745
32.80195104734346
25.0698728109931
21.622995516627643
19.875102326353883
34.34619123789088
29.632543409198774
25.05072130521128
21.498414521292446
18.785724336023563
37.83173825441959
34.89983280690106
31.854037146270954
28.78924782673031
25.841857048839877
43.518391769827915
40.674525989487094
37.71711548602508
34.71564128411386
31.69342848709374
32.96885073196365
30.041533190085566
26.93656410727756
23.957796774379247
20.97059223111195
41.859849154163
38.643837089507976
35.68407662768585
32.40116807573318
28.93678022555836
42.11300484556247
39.23257435163621
34.30442629744042
29.26811963965511
24.02249385300147
37.46750787904912
34.27442111226403
31.196299281235827
28.07282937222766
24.9300954236656
35.467133408115544
31.62154893387598
29.018830087614226
26.124073071581975
21.146592248633723
40.20927133020081
35.03908451364889
30.10408536059453
25.904657037476312
22.54792548419735
38.832046716771664
36.18081991538877
32.34941222006264
28.079721063206087
21.95804962476339
43.19889848260341
39.495264073951574
33.778503556630916
27.812464395789736
23.71670263584857
34.52334324286641
29.45241501069247
25.178416367327436
21.288161261526216
18.66444011702805
32.226754521432945
29.55560755321902
21.746911953492244
20.282338446901257
17.609960687000132
34.31726496604055
27.337978470087933
27.35674341952369
20.010444405316
15.881348577666898
30.256560084833396
31.69557574248312
27.900799844082428
26.530453651944093
24.623538801764763
24.18962005979457
23.734096269751305
24.23776921031051
24.270948263363962
23.802889759933755
29.765825473998362
25.440478060198895
19.39608424260701
15.910826367806866
13.521580571336214
32.94915099229999
28.268946912478626
24.993415299340896
21.659169598795536
18.977287358919178
100.0
100.0
100.0
100.0
100.0
37.021365207955
33.96842391548236
31.03941947320934
28.016813090445993
24.996834231428554
37.81451287490073
33.02901450192168
27.867912280909735
22.97610228879547
18.74209591933548
34.31840198653263
31.2189194414
28.242404312684357
25.294929621384547
20.970456431526646
39.32308340420115
36.16482701246627
33.1656420944196
27.658901538489367
24.816785113053093
40.02377686097837
33.34699831942056
25.40122849208107
22.11625751710774
20.011454364203463
34.06174756947456
29.316731676679822
24.559589709562204
20.821884086015366
18.36072870742038
37.768275307204426
34.83586976531524
31.804747680070978
28.853453960657678
25.843448992266154
43.56144082464798
40.68339573518931
37.73578489156019
34.83426670863763
31.75383448449768
32.93739779380407
29.98563210023149
26.867965276128064
23.93951326509218
20.94511395078726
41.03962373223351
37.997723616260174
35.06216474962013
31.74129109211263
28.39455242000878
42.19248996233375
39.30422577339093
34.37583174398233
29.363128368514957
24.05951428022481
37.713615166428795
32.91551519398738
30.194565626819497
27.05705758906834
23.931590803154922
35.622356082176765
32.06634826772718
29.944278848357943
25.284052051286135
21.3767597672308
41.676804005982284
36.56394086917933
31.62660364822592
27.29540675023051
23.727075528112994
36.96700304131947
34.611612688384184
31.714170207961484
28.04950719409906
22.07619120871449
42.83697365108179
38.72923556862826
32.97687599813227
27.486000678990273
23.791133353745295
32.709518942959434
28.262172105771004
24.620429083340145
20.87893628295063
18.504982955088973
31.346392592044985
28.1508189060793
27.33119345148812
19.56263368914219
18.01620322482475
31.78219400091212
26.61299163208058
23.34919843347723
21.10717708183255
15.988538297277037
30.27714629225381
34.38350027884453
29.653790830611545
28.30057940467126
26.280128588239684
26.386244091366244
25.862631226700135
25.35038132699569
25.546920638977568
22.38395855321634
29.76902187096906
25.32344621202187
19.344942744680488
15.78679440400537
13.578387140418396
34.281700515434906
28.689541408861924
26.366579015122934
21.94759488337465
20.35463987237845
100.0
100.0
100.0
100.0
100.0
38.02139200331578
35.08779560168324
32.056448442156366
29.036801145010152
26.05988996665409
37.79466211702277
31.869556494604716
26.55072517799788
22.216532652898287
18.41284187878079
33.635433220515225
30.603888172548004
27.76434731196662
25.089799002020804
19.74958226299069
38.0393144634184
34.97451220058142
31.41636879140984
27.58615071372571
19.37775413454628
39.93752671477678
30.33954938669984
25.167098448161465
22.784652273443555
19.375382360001453
32.61774106264256
28.044221781204772
24.097588004020267
20.945515210975238
18.168864863820783
37.843149157955466
34.85225431810058
31.922705703052124
28.96975694216291
25.99303482404308
43.57544623133914
40.69801300472591
37.717927750646815
34.78147200173316
31.695032138679224
33.00760977798962
30.080480411230276
27.11177448541843
24.143463954702938
21.13783992894276
42.15376816744002
39.26085113757384
36.064971670939755
32.87943724419111
29.520770930381097
42.136212376753846
39.243878556353906
34.28966513163397
29.131410717797117
23.489885949933434
36.75178602709883
33.17326960169107
30.218247251265225
26.967493989845856
23.71117166167492
36.72615616170703
33.03620596765406
29.289542893127276
24.92882307119544
21.318100653371847
33.870426341110495
28.668446737026475
23.411790973669284
18.799969525865116
15.351019034983551
35.90739955585616
32.68705136821196
27.73438044295911
21.810446826947558
15.949747950152718
41.21580408309847
36.57136983886849
29.93371898751015
23.071039632523963
18.994701831797986
38.013906841733856
33.36389973813925
28.982584867969535
24.412966448381972
19.241080906629392
31.82062239735128
29.637929997368833
26.382099054990015
19.39394171923931
19.0211035296656
33.32883438345734
40.252702740261356
26.5902163705896
21.468909427677527
18.19528670881788
30.60827684557991
25.20116511685087
21.10727570751746
18.872660258037214
16.553490227920836
19.562151915957593
19.86290528094383
20.261867236298443
20.54648985957536
24.816668811872667
29.788935743848413
25.396687314094063
19.53131420722934
15.88716821190285
14.023661111102948
30.029484250535226
25.333715182560464
22.069180253487342
19.38356869868939
16.037731847537586
100.0
100.0
100.0
100.0
100.0
37.27293159992533
34.30378205786606
31.294957496854895
28.244763882438907
25.195344451118252
40.64682819538482
36.721241469308374
32.580285190923554
27.92291985954435
23.082060389474435
34.56976158205348
30.893300502700917
27.404927488103827
23.82376350784733
19.793454827444293
39.510857061192056
36.01785682677009
32.189147830511125
27.067006155094827
22.888462553709243
41.23007195046023
36.40572780580509
33.57847766424486
31.432314380886975
27.779619059385745
36.06392226928769
32.087074105055336
28.034711361316468
23.734921702473354
19.12492755327237
37.79524429194503
34.86431530443993
31.782053900752388
28.819652927410818
25.80609188667278
43.227650894222364
40.37176969843241
37.37546445277269
34.3605828721219
31.323605236972334
33.152872831052825
30.110518941459034
27.048819202097217
24.19674041576263
21.205785544447238
42.225881423424234
39.384712244882685
36.31565896704187
33.07953811091892
30.28572196023498
41.6863210487114
38.78483214742523
33.83828420681153
28.75167294250344
23.3732460344296
37.29492876204759
32.30958560664478
29.14303901015513
26.071103498768835
22.97958917941045
35.08466085081667
31.44700222911137
30.31456448916964
26.41526202467455
22.837083716438478
34.106836435132465
28.914785890518605
24.132809625250154
20.37349050244722
17.640299411557105
35.574933123042435
32.25104118662264
27.568709148108145
22.816253344023252
17.77751131155013
41.58024221186578
37.01795869236971
30.494264073518323
24.009226417730222
20.464543138230766
36.64630469885461
32.295682240939875
27.941585086388102
22.928586425945653
18.20776528551668
32.66669708744059
28.17276856140488
25.719038662579116
23.249908715376733
18.70463754731078
33.68249905453525
32.04949882935306
25.36697812669527
21.69492593560217
18.768373905801823
31.05893878567112
27.43681758371553
23.16317385368807
21.37846209579514
19.46559499169785
21.670746893235602
21.191834402243934
21.004013191423788
20.506319916754904
20.67992952063601
29.756708728964718
25.705289852632546
19.308384941138076
16.355936548257986
13.336116763739248
29.618619773620836
25.77290642896
21.587347922045925
19.805566847223226
15.57585884163698
100.0
100.0
100.0
100.0
100.0
36.662745449503184
33.65896005840123
30.660853622452162
27.652269702468914
24.559647913171293
40.31480821806697
36.65223406584853
32.42807112265787
27.803037126633573
22.193020041657917
34.25704004916249
30.836251561791933
27.39585387803116
24.019957798916284
20.46570283753033
37.9294866514127
34.212843558485716
29.684392450769824
26.557427430734567
23.247086654869484
41.84745213438149
36.7452933596476
32.34913112564874
29.223011558878472
19.27624308161399
36.030196172459824
32.012202615608196
27.54604863098563
22.73440370969247
17.972061037295514
37.78523800859967
34.8523681220308
31.780638580018703
28.798238739154414
25.7935037232693
43.60381048520361
40.72271577226154
37.73465017041231
34.782333278526146
31.768456442761682
32.96873842233521
29.954763562598778
26.950645327783363
23.901877780058033
20.897646778192573
42.637959480506055
39.62198029793892
36.6457931107436
33.38951938933442
30.204156163281887
42.211133921616025
39.32316124293857
34.40191099163344
29.364244367218614
24.073142653526318
37.6084604333212
34.57744788872971
31.644791675423313
28.588336614253905
25.501829871274353
36.04547451578152
32.322030273544605
28.14267435484564
24.51028339095748
21.350462281839615
38.208582609167586
32.96111082914593
27.68914021484217
22.716043225242608
18.464833767412173
38.10584552420546
35.278629392463934
31.05731874211908
26.116569252647338
20.222855866260957
43.1783083767677
38.93846567881766
32.57588027114545
25.782912542324997
21.707689506364044
34.758572526316904
29.93796136669616
25.382185589100253
21.070320785763627
17.693218422340866
45.069027311020385
28.758981894164
25.32801863957768
22.673415366975117
16.43345213410459
32.010672351918515
27.85650203723587
23.509075354952532
20.047435476938613
17.397364106019737
30.24108648710831
29.627831322430325
25.45995254635328
23.12159980767179
21.61068959428738
23.521679452301363
22.69449937093789
22.451549447270082
22.49558243250954
23.02411444146522
29.76499813693445
25.32755467496086
19.330626047949927
15.79930013451648
13.450440095230976
32.73554714717401
27.020330855488627
24.781612262777802
20.455775021520125
18.766931340743184
100.0
100.0
100.0
100.0
100.0
37.32137936907295
34.42829176691279
31.369761963974607
28.40008781880863
25.39583798806386
38.3369130485041
33.57117287314977
28.375288949022046
23.723993876693747
19.174204542693083
33.85190173084857
30.658292008569923
27.48270348231018
24.463335241831842
20.475708789061926
38.45008969863422
34.84301665844808
30.65540429220231
26.716174002444674
20.78141648751401
40.672453820269325
34.311928833494804
26.425844015400553
25.018688830437235
20.400114498447937
34.35709879752649
29.836216956956928
25.1628117272018
21.02523268696645
17.74348844788751
37.79045075254484
34.84925042393761
31.857305362222547
28.84523737739565
25.89919127687204
43.408592879542624
40.448478838900776
37.499120025532775
34.49948864673516
31.442772736675508
33.12335521266756
30.172599246976645
27.113774602151587
24.107738672990653
21.169152591912628
41.6368608461417
38.8054143392447
35.693854550933224
32.51941170899329
29.274124388198928
41.995980371445505
39.09129203384944
34.116469918808285
28.98119121103926
23.44819051811621
36.70051145126311
32.326919739848655
28.86357810092146
25.612812869611137
22.470852881384296
36.260375115334675
32.58187723855756
29.890307744203405
26.05026389422093
21.885397731730993
31.980312089705535
26.719689251349905
21.67813481302911
17.45502272941804
14.1850897973686
35.65448830398473
32.6197968935694
28.247232617758126
22.99425603757051
16.824584867573996
40.97146635503506
36.45790493964485
29.98659467885247
23.566536277129355
19.65694510833053
37.05223974682547
32.5249948096588
27.978529876002266
24.373392101789292
19.360868696968424
34.38971987828139
30.28760758894951
25.85231255044288
23.99182617338825
15.78246680111862
33.76693708048261
25.822716994281897
28.32842190160016
23.06295941094817
17.597160613379415
30.67341915655686
24.79009613144904
20.176820912778794
18.986034336272294
16.34019027560005
19.356558213833228
19.561806237476628
20.21644074268447
20.592255619935166
23.49360520504021
29.760419402150553
25.591212075233383
19.31819435886223
16.256992063868147
13.409391232789133
28.54097854270888
24.35258197686514
20.52435803049611
18.836783317443583
14.51445759061639
100.0
100.0
100.0
100.0
51.27553951494549
37.2032408527415
34.26892729061318
31.227266309671634
28.08622140818999
24.926473589406445
40.77424125667171
37.005836430998336
32.68783483227799
27.794667787006425
23.152570244718603
34.52701242858131
30.91193456051036
27.47721328529225
24.090151663771643
20.380726549828523
38.16475956927063
34.284735160265086
30.502812815075657
25.984301211874463
21.563786968946467
40.57050517434276
35.66383475650126
32.56354988968306
30.68025376615125
28.558072895226367
36.571606031409914
32.36574973073929
28.17760383324288
23.775450197917355
19.24259009921741
37.78707823013675
34.83693552845464
31.83968151511586
28.826588345068163
25.844607492467784
43.57664515491733
40.75402336502292
37.74847696583715
34.732464404258465
31.75768867002731
32.98897185682427
29.967643418155113
26.923231842446928
23.941497454928538
20.89841138824751
41.59199825664822
38.67320796109968
35.501149632746426
32.181778627210015
28.826811965698795
42.19837355655072
39.30631407799173
34.370748012364395
29.344633880845315
24.098831712311394
37.64865242005117
34.2251706808097
31.413318249508755
28.25628332758525
25.0659330336078
36.402767530112534
32.870107071607436
28.972869543511266
24.493629797504056
21.57334501550778
37.25719784361298
31.99124438514009
26.735406071887745
22.003236610506335
18.199368903500147
37.753577269577946
34.9462943446643
30.906260830628153
26.40413606745973
20.189410857516343
42.67275718902428
38.672402053322884
32.6871830796492
26.174084229375502
22.286819377870607
34.74006979237074
30.581600561626914
25.881401511598018
21.180035744411416
17.4111221857131
33.54823478440756
30.650792484387587
25.831025124318536
22.72614509335729
17.443923817102693
31.477607843972674
27.480861802558163
23.130108276247796
21.335733598673098
20.987122708571405
30.121627283763907
28.6557217070253
24.268196431040042
22.38436691177081
20.575312272215204
21.590394674688582
21.450753430227657
21.230176930694693
21.231651098881386
21.71308455940928
29.746509743380024
25.337625048305746
19.310935342862894
15.805970447425153
13.355369521731767
31.130826929945954
25.38683022627941
23.193252726078327
18.921610692083885
17.165837129770637
100.0
100.0
100.0
100.0
96.78181372682333
37.490533029807146
34.502941524151176
31.613102213269553
28.54940875673129
25.56763671039181
38.78066228329428
34.01732089180439
29.04183718708832
24.114789787243097
19.42007878250601
34.179264341077015
30.951934792198095
27.78067725825384
24.870757480600695
19.680275512538252
38.62784497659978
35.129326402254456
31.49297344267978
24.8069586631959
23.341255470142237
39.740633126265095
34.74464922745377
29.358821828770875
24.700663719158065
19.664939931235036
34.82760037593506
30.252397864631867
25.41935859819086
21.101405496188782
17.325354400154684
37.77957207202833
34.82037709091718
31.776570564067868
28.77872068204634
25.775183230526032
43.44906746062306
40.56976217935508
37.58002893218909
34.599113649817156
31.574221382135423
33.01946311344423
29.99432787246416
26.960408028886942
23.90636212216968
20.94870010249055
40.78088648291568
38.25338370087131
35.23844185532208
32.05700544510674
28.87045802021266
42.044558015431186
39.148657649626244
34.214062900844596
29.157849287455623
23.875447012820167
38.243662417113704
33.473835875251694
30.50904864907927
27.347410109601004
24.372039144237682
35.80762655115015
32.48427141606086
28.649905264761593
24.281849991345727
20.891166182281587
38.280923707235594
33.075274607570705
27.97829159472205
23.53849246929709
20.028540459803686
37.097494856655466
34.37968349226699
30.189302213274857
25.46018128802727
20.26177455674793
42.476504533012346
38.389457800275636
32.32471382454453
26.07437434281595
22.26120089197262
34.380695842076705
30.02232255961216
25.038660127953875
20.78553085462067
17.292445287409944
42.88094081746509
30.87045176223791
25.580182937228287
19.91818870545138
16.226377493896674
33.601439823668386
27.011776934516355
24.188809448738503
19.390158182852495
20.272954017197144
30.248118603572802
27.92586700620008
24.103317412275707
22.182913444305147
21.067213726181016
22.368326934362578
21.895161737852007
21.818012173676912
21.804246378258828
20.661764979062905
29.755079302537986
25.39700441137441
19.31169367386779
15.878541085403262
13.402061168768473
31.68396485014437
26.673264291237665
23.779731509263367
20.615243844410816
17.746310666264797
100.0
100.0
100.0
60.79715845883011
49.931971534503305
37.26635081853329
34.35477731208287
31.28163893612916
28.349386400579665
25.32766089601456
38.24666362007018
33.48176624664289
28.493094421607353
23.695556580616895
19.022497891300144
33.86286946437096
30.541376835441042
27.53436418806265
24.495993147673772
20.1030725060141
38.055741748566824
33.968044816860086
30.108111710224577
28.437713099436394
23.39861449206609
41.170673819804435
35.0943637537752
26.097359324946332
21.01666567762053
18.114761555071844
34.6256288638847
30.100077509539442
25.012220117105066
20.64503437475831
17.100484116813423
37.82124252157677
34.86645618938167
31.870452714843303
28.970681398465793
26.021087385238864
43.62847258590008
40.79890583488465
37.80971049729091
34.86116230874655
31.800887749627552
33.00810336545452
29.951860948919947
27.02317488800918
24.03960149139241
21.14616470579318
42.51754514698007
39.97290422486501
36.899115760410226
33.76397369923063
30.513089941666696
42.216737076489096
39.35330458369032
34.425917146282835
29.249700128395876
23.62586758879585
37.05873946239541
33.756249996029
30.66246549943855
27.495479634718023
24.121001127649343
37.308969558490304
32.68851780534384
29.90603097224281
25.889000495374198
21.485544403240965
35.8669659283783
30.686423361192446
25.750419426285287
21.65893919064123
18.589922517316353
35.84716153947739
32.883263401258816
28.56416991826874
23.648463166548854
18.12913721646123
41.763503140928606
37.3439531895544
30.986044018938014
24.771092695313563
20.991106161707766
36.34722337922383
32.03310967672461
27.687175928832136
22.487127227795924
18.10159694698816
34.06856079958014
29.357796266964208
25.928821782338435
21.892428349616956
18.488770012956564
28.929688104816584
29.611735001102197
23.2146065977488
20.4856881708962
18.05266906443452
31.19522401161367
26.562844829266833
23.09560585012918
20.97047751881879
19.496647584419964
22.14291418598932
22.094785672221974
21.927049936965975
21.66314233491348
28.942781043011514
29.743783004759685
25.359304053935322
19.554819040103265
15.815033245989937
14.017002666217927
31.79290991761658
26.13825081308982
23.791275546230906
20.19326079340886
17.770738234022506
100.0
100.0
100.0
100.0
75.47750787688572
37.4996291478563
34.47551993863812
31.428784816731145
28.427436382503885
25.420667830431082
40.328321333517884
36.33119588795642
31.97476779762491
26.881919329447314
21.423864741125676
34.303692145094104
30.92894978372489
27.3802193638967
24.135016630613105
20.299322819658148
39.07341181322349
35.4961015669568
30.734965548345055
26.914080776259155
22.77960995203958
40.92138664303582
36.05546945128258
32.95327884011777
28.269807227451228
20.934524162199875
35.978963133362086
31.786789526813727
27.29425546508143
22.246439447020578
17.80336310516198
37.81615860152732
34.864091974407
31.783249523993682
28.764043221293196
25.898263063341766
43.49753766725521
40.63599396214837
37.62055385435505
34.62029644976184
31.622810174661254
33.06179812113778
30.02210692216223
27.042146845385737
23.925686474482045
21.074911865722754
41.978108570730086
39.18143046214154
36.02497375151037
32.71272269046694
29.40726603595572
42.05164150521004
39.151512478286655
34.19122051202821
29.13324290722135
23.86371658174727
36.835826320471874
32.18903381333507
29.023799385017973
26.089298278736898
22.841664569633082
34.629146136067035
31.727820787191554
27.419981993032437
25.838350322019167
21.674066166537486
36.51369979356919
31.29975876247011
26.56361892987658
22.683482653759626
19.476295055461797
36.23053310207016
33.73041928940901
30.270279188302563
26.42629266202862
20.283770991586877
42.56365083704139
38.354486683780166
32.307918868319675
26.780197853460812
23.474831851506384
34.21096033172889
29.621663983158882
25.022624463137824
21.159928431748895
18.197603826934234
43.92902384737692
43.168331335890414
26.208513004337707
20.135780040176684
19.119736104282453
30.37734158690894
30.019205463618995
24.760525029880313
21.000128334564614
29.02111637222713
30.77921984014037
30.140669990874297
25.62945593396693
24.14454074807191
21.781559433982764
21.34376244737244
21.301452889343967
21.377319555123307
20.705849846678824
25.535329596960565
29.745899727063424
25.520733333573045
19.304511542227964
16.058991043319153
13.295302627925798
30.80560092831049
25.56927937762117
22.874588431095987
18.960471910531822
16.8720897574481
83.98670975622836
83.98670975622836
83.98670975622836
83.98670975622836
83.98670975622836
37.23916874422445
34.24204951900777
31.263712920950457
28.234481712452542
25.189911224100317
38.46905563143882
33.41532682700692
28.318411949134855
23.310348579579315
19.054087209313003
33.730702624840916
30.53467876454834
27.627957506498966
24.69671303992832
19.040228074486244
38.5280695269915
35.3303504261454
31.7525294073347
26.74073035200811
22.433512438875525
41.32807988598842
34.975085968766344
27.866296871000557
23.754249801006793
20.121662092363653
33.89200351682936
29.752278591362664
25.078688641168775
20.703549929365668
17.72552811763689
37.79030831103207
34.833980640747434
31.804781947628584
28.802554113528952
25.831711459003223
43.47230496783055
40.58361633492616
37.553505725917304
34.57496098058722
31.55524917708835
33.01114356694257
30.040842324035758
26.956720510684008
24.030934716766957
20.988107903879097
41.766508189965364
39.37749312508599
36.28329754308305
33.271818883964386
29.94862133574468
42.03646013145017
39.126831538404595
34.182351527907265
29.126695114594217
23.816621790699166
37.51696126843789
34.30788737979984
31.094952683640287
27.931483360795877
24.7794659056322
36.86067881109273
33.28034079227505
30.3366746002771
26.8895885018674
22.318159276519328
32.69105846072564
27.582218970859973
22.811214518680462
19.019162613733837
16.355396913666652
34.622459680690994
30.946831435718302
25.998071339820015
21.162216061681363
16.61060612339392
40.08868642581306
35.433068796058016
29.063746938810052
22.64556234677672
19.039108572811898
39.366143480332354
35.21046100233289
30.473729773046678
25.73067947217983
20.09273284473582
35.03687434423182
29.39777437036462
21.67164832062564
24.18294540903812
20.380621694550733
35.37553215788593
32.40426041760655
25.73170200432427
23.362827697026173
18.55977794148049
30.915864319232398
24.1203006088092
20.15549903345958
18.959579853640022
17.15329628223965
22.622802950957933
22.38845922027176
22.499238948409296
21.747327254078556
23.55771400345767
29.765529569740103
25.472039241025254
19.32412224598839
15.978820945999912
13.401814316294082
30.744152465451265
26.847446562274584
22.882750840710358
20.576074262203345
16.854850286110054
100.0
100.0
100.0
100.0
72.64765011952395
36.868461845108534
33.910356697399344
30.859797094853022
27.812727725761075
24.740188929873554
41.59496620884034
38.23444823000037
34.53706713650437
30.620722224864632
26.047481222131136
35.092460896851065
31.47684593345843
28.109047030786435
24.514074778035855
20.887274806764285
38.08679025162327
33.91149369923749
29.713127772797556
26.29650112493004
20.77063517780391
42.81783692016237
38.02831043569396
35.00589322353901
33.02275628258593
28.696033054574176
36.8091220727881
32.96889897090065
28.827231687690215
24.72495075495349
19.915870072615064
37.85666667191833
34.80546220495249
31.809631171270375
28.806994670217108
25.852406090570415
43.60463130957412
40.768723044233404
37.76181078560479
34.82297142248175
31.807706736512344
32.943573081610054
30.012468879425832
26.90249943378349
23.93524818787259
20.99891579104652
42.43264630277419
39.7333909989348
36.65167698628724
33.48808248525196
30.228351543868513
42.21041824296823
39.31509807275131
34.394927293294664
29.36672868783432
24.04177225138552
37.631889238818005
32.71509495
30.07018590819567
27.007279079663626
23.69160509877302
36.94648031174094
33.25191077810231
29.109677595593762
25.717566598303424
21.208361184005852
36.14281070339771
30.95172079700218
25.80990336445535
21.38358016651589
18.115734736879144
35.359592722026434
32.16745929627371
27.891278432216527
23.323391797638745
18.480131467015703
41.37079095335977
36.87431139066304
30.410820043392345
24.003054542983968
20.358097162941128
37.593023100569646
32.81464239118794
28.312918665822778
23.254695360877598
18.8909292234155
36.304987174244005
38.40980580937895
41.974948607332514
22.90973334414206
17.83869064866071
29.462772010084027
31.49093148802386
24.466133216366302
22.636007360467687
18.61749060809657
30.712849229010708
26.310755250914557
22.416469968571725
20.518998493586334
18.698337697588524
22.330214569023482
22.593093138296535
22.829690180802288
23.054136844791234
26.66365083359668
29.763843249314878
25.339313431361482
19.343753136136147
15.8312052820314
13.526684793673345
31.21019751290065
25.575935604670676
23.267365126244975
19.29412573359358
17.252115915237376
100.0
100.0
100.0
100.0
100.0
37.25593020390476
34.30149905799699
31.184693950926544
28.186286948456846
25.138951129042578
40.856915492094295
36.900601819466
32.38479371233309
27.09921142913533
21.61956090688996
34.62499423791173
31.021023250871536
27.56046030384955
24.200634803799833
20.74468815407027
39.452546470686286
35.96566636486456
32.96824172557471
27.312154781790095
23.37766203816541
40.158695289248705
34.84279810574017
30.704002047831874
28.196006341315723
21.692516000320392
36.054977510469236
32.059604042604946
27.72262354575442
23.07794777170048
18.35013835970131
37.90814226305981
34.90082273783055
31.923416890187962
28.932077616464728
25.986270181944093
43.22109322510853
40.38667336145288
37.365425846814006
34.32284167231373
31.206469180835388
33.114823399013524
30.268370113156926
27.20366343424624
24.28581383324689
21.387205083361632
41.015773991205855
38.09169394827326
34.859364733358504
31.543224434928327
28.259318730011685
41.802116196653614
38.878834937109815
33.8497494244662
28.633700906706068
22.97775654832733
36.12401225436547
32.619153966388154
29.360099016920604
26.243336618397286
22.973394897076137
34.45565174513597
31.20364342625843
30.302298103144167
25.71418322264151
20.637938766541254
38.545127605086414
33.359804453772114
28.44755775180387
24.211701473453388
20.665165784144392
37.063749351523484
34.45610535412873
30.50401780724064
25.418977013202493
18.34439962909086
42.60867032673475
38.69108433000028
33.02314736519091
27.18214104680678
23.543523901076018
35.07240503063595
29.811142930411222
25.23393911814336
21.05284413290168
17.933530211322363
31.25936358725843
27.144009223914644
25.662676605802215
20.199482052617746
16.921967161105364
36.245238531247495
28.63597982523816
24.353315586725678
20.16577304516653
17.434631830166566
30.269150575061666
30.974527493377675
26.59940840203355
25.33510427204301
23.46264756406105
21.750554295158704
21.347441764050355
20.792847337198282
20.53651241289408
22.10614942698427
29.804680246735607
25.74418348606148
19.567447487801548
16.227134638970952
14.04733235561338
28.846060045371825
28.07894809319413
20.77223191818547
22.207007033952713
14.800975807041002
100.0
100.0
100.0
100.0
100.0
36.695562667884296
33.52493391645133
30.38200389220804
27.187984772889514
24.074068929329925
38.789353899649434
33.93089333181823
28.944069985860214
23.601209857333657
19.121319493510445
34.03610790478882
30.63301176342913
27.128353036469765
23.35700135117903
19.057981030815583
39.03483453436615
35.71969774717165
31.655123013912974
28.195579977140728
24.55943817439892
40.82183990036704
35.150311140128196
28.003351987888255
24.954384763662386
21.982656776935205
34.87569390913713
29.90016387002916
25.030944002138888
20.897797999850958
17.66439200337398
37.77967424275798
34.82004430859608
31.773984214222033
28.785835389271565
25.749069522426606
43.55620318434484
40.734410124392
37.72771448992128
34.75859201935153
31.73671072723843
32.97654723210198
29.99625026467623
26.86720199427418
23.943047379934242
20.831319274474815
42.56104607258658
39.88725031250389
36.837807409907406
33.73578937328753
30.62455540729786
42.16865517585221
39.282254009324376
34.34624173720185
29.297682281822773
24.065695264018593
38.363499084578194
33.62728931631564
30.94861252147215
27.791472651637093
24.755930332390843
34.83871071592355
32.090144817755764
28.014911835874297
23.91218529304426
21.17941371960294
38.81001221260226
33.65211888960476
28.981380199468664
25.37846536902972
22.71796646445622
36.7565627369569
33.89249861171186
30.278195581070957
26.55933001791665
22.264505261066475
42.784010553703055
38.59079111111286
32.41678347279591
26.58651363951445
23.27339769195114
34.307038344269415
29.905747201908625
24.775780297509566
21.05878652610112
19.227622435003173
34.33605365071064
30.833992210786036
26.484031313600923
20.718523600598285
19.085420848752165
30.352608129248523
27.399226279010005
26.379038293085088
20.58038611465585
22.01510589770622
30.991579241520995
31.72756813938957
28.28763094073853
26.25445640785444
24.697640624616128
25.626780545355103
23.931941010992436
22.928099642448263
22.0003984110757
26.19320365238528
29.749088768940283
25.356346840159574
19.301223115085143
15.862860791221319
13.297952746474555
33.03475425207827
27.79814784610612
25.121368416044632
21.48380378815894
19.11035652471368
100.0
100.0
100.0
64.76483149034053
50.20993282455785
37.36536294830115
34.35962073843921
31.435835747685505
28.45403610395485
25.422640116962235
38.86690319767535
34.24097339116534
28.867897405909133
23.439421068249704
18.81778861669808
33.935174029879946
30.76513051605694
27.780453109682924
25.231002782420894
19.2201731293936
37.65887352458452
34.536036399051
30.920885951809204
26.84108646217432
21.84575799337722
42.15333620603876
29.517828020417674
23.424388254550905
21.291038063964685
18.365758051153037
34.03190337764234
29.131180329130224
24.755721807202136
21.204808535403856
18.143560636034188
37.884176955237095
34.96438195903614
31.936197148286936
29.04556274781929
26.021851474378433
43.59503645342062
40.77897590088412
37.84767291910634
34.836904970128096
31.723172125055715
33.00662637552596
30.091804278665876
27.033410616203504
24.202814305483386
21.240896843973115
42.04660109628563
39.516758347182645
36.40448083533114
33.2121172864679
30.008571843548392
42.23555536882799
39.36586267710005
34.37821907859285
29.027362122633335
23.28576560972579
37.13608090132836
33.443406628041956
30.154189644641054
27.155443943778348
23.843580182226383
36.52359564189431
31.812723234624777
26.75404807465553
23.02491966920993
20.689065790847568
38.67894791145385
33.55578836633092
28.402084679211757
23.90085451791501
20.439784008094524
36.98084854609409
34.180302417196
30.084623618600045
24.721637844502343
18.358581910913024
42.67112062538729
38.47212532648486
32.2574096097286
25.96005978745322
21.887881987567717
34.916969154225306
30.357287952040846
24.893400648654783
20.55678494145122
17.497551779691012
33.69546912640664
29.40291158332454
24.733459169492065
19.708059654763808
16.723031986461308
32.78241204915029
31.264421430346225
23.9605468042527
19.39728303907502
18.45030105041189
30.567067042275408
28.07025346583304
24.64447506610201
24.106094614036216
21.066483243297025
23.23061483659725
22.24753276819639
21.711930939062164
21.20207093736788
25.648966037314594
29.773382763342266
25.318827683057428
19.801526535859622
15.786412555918934
14.355814126925083
30.89424449017625
25.32328927247743
22.95112085095319
19.319412899933027
16.91430701708106
100.0
100.0
71.30539213291142
57.44587404910847
56.099795953492546
37.46848315734904
34.516083115904436
31.61331942931259
28.509448084630616
25.663577171070926
38.980760600739316
34.239083842936594
29.276042274381865
23.916368833036476
18.979428176477036
33.672051836487334
30.312171550155185
27.005765196867287
23.74852949294094
19.74439000869201
37.541191046604006
33.901854301087084
29.079213160239703
25.437871192961357
20.522520899361307
41.771919843889826
36.9363717744261
27.048964094057865
22.83394911465891
18.892516611953326
34.09803328914902
30.112487663037836
25.07011653365933
20.57297296651353
17.264549990450575
37.84168432936696
34.86869769875891
31.79147043211885
28.92809571677936
25.834275377490368
43.526083150618966
40.66421416006149
37.71567275090626
34.73017872762972
31.690902296272398
32.9701687532777
29.990370450406594
26.913487952440846
23.94635064255244
21.04364738124971
41.768791079164124
38.819072539105235
35.69005076158333
32.45240036571364
29.16431222408319
42.15862037355885
39.26312420587233
34.33309164698102
29.251816940934937
23.794661022934296
37.160187889902176
31.591588259549653
28.643922079810537
25.603450752132403
22.39823350089372
36.568863442064966
32.56042687933562
28.116670578622927
25.72145796801387
21.778773451775226
36.32783320807955
31.14131957743599
25.928878823205306
21.364173752789405
18.021081879867637
35.4730633468114
32.223414211434246
27.528668354596974
22.691426094827744
17.58359806655117
41.313889279013395
36.85846468966316
30.47227238231939
24.01365657150334
20.403202972393338
36.95881306989918
32.59244162331668
28.16828432897257
22.516537567777377
17.902637712049717
31.92568326121593
25.96873319220687
26.409931571518225
23.154299826464133
15.581705365721863
29.588859925993777
27.666092547790125
27.242514588497432
21.56550431650766
18.86876855117112
30.63499046330208
26.630865892551526
22.47172820121658
20.999338566026417
18.750904613457095
20.85198432305601
20.979028220946603
21.33629275223873
21.01368119957265
22.2656266120311
29.769804015280855
25.386255691229245
19.414047229577477
15.860574125799484
13.725939053218843
32.49855026244102
28.119997487611865
24.475154678378694
21.790255527312006
18.472966759678766
100.0
100.0
100.0
100.0
100.0
37.097315757805575
34.13627486996536
31.09831957424866
28.118206833249154
25.05557601156304
40.3085910272638
36.32455668856901
31.954056231499063
26.97864164801599
21.615124315413716
34.46319082994154
30.839916847378696
27.290711669398988
23.69480351538258
19.776957092515552
39.0726431995098
35.060936608745514
30.116429754461436
25.707488748220623
22.48561955393268
40.748614692963265
35.847427414499606
33.0601073245857
29.126836605672935
23.167976956735444
36.29517937745702
32.0590551861566
27.476083541584956
22.59548228306241
17.621629492738958
37.8388250000588
34.86068564891549
31.818057381071974
28.84937569025687
25.80068474482544
43.55231068431587
40.738309575748374
37.79008217084799
34.80557551924455
31.78091804316879
32.96338387473324
29.987659516981957
26.935788539515265
23.96718429713289
21.000554861945627
42.52058011331755
38.80098725673597
35.671298985830106
33.12323098993907
28.91811888634026
42.21875252848334
39.32005654926493
34.382429456460045
29.31312909137036
23.919850986303786
37.56268810150939
34.41480618188769
31.10197614459729
28.196613756961725
24.77995101245063
36.29479666114639
32.74053407170642
29.24149088918647
25.25233919734744
21.850090775000123
33.67075987521369
28.365562339096773
23.166089477496293
18.72885348648619
15.543770393376768
36.40982925677037
33.506685546052346
29.704919213766267
25.274689403953793
19.387556103249906
41.97534892984311
37.66553446305669
31.34461522130152
24.99166313778531
21.053487944350785
35.498184710377494
31.276876698875036
27.37876676551171
22.806070982959316
18.08815035232559
33.660176540171356
28.701876388369172
27.464809636290322
18.889515226641944
20.43567728123813
32.88426898203153
29.51062249334772
25.95038440379621
22.27523331100734
17.335480815540755
30.8185505351824
27.23964556003405
23.655021701737546
21.677381406464036
19.800528431262837
20.951835552911522
21.23995510287411
21.56785632540336
21.329069501378637
22.94716776134489
29.750960243909383
25.40048892103802
19.319832498979864
15.986009786733625
13.37398016177113
30.12628486488193
24.883618457409703
22.176001106089444
18.923753526317146
16.15992333355367
100.0
100.0
100.0
100.0
100.0
37.33790366537568
34.34742652470098
31.39315225590633
28.352968068705778
25.2881101237061
39.76567613817144
35.34167623493163
30.57885633176182
25.445746877690834
20.593287103097367
34.16500603711072
30.810823182199663
27.37493428688638
24.31847848228472
20.51021584748167
38.42370790085396
34.64529429621174
31.21601568503817
27.200397652720273
20.913363933754518
39.425024381606505
34.50293506428806
31.614869768010475
29.422189904773134
25.126207019782775
35.20223758762546
30.8244523761002
26.39953422598772
22.210553367050267
18.327206115775258
37.62211834413967
34.61511226460405
31.65358065533026
28.60352316588279
25.62064178054339
41.50992275346397
38.55641489461592
35.409651914662234
32.268156523293314
29.108699711589683
33.907689341772745
30.92082068228496
27.886924714665177
24.970297083888774
22.075330821180934
41.64372373729523
38.60474665183655
35.34641700125204
31.968956901834026
28.52020329240227
39.933627869269365
36.964078346045774
31.911507782960587
26.692952244039123
21.1549091529821
34.9217463560611
29.509149802267693
26.32286710849495
23.01268189202686
19.898767569436593
30.891361997874554
27.445148296491766
29.73392055339496
26.577194235244267
19.08812341916407
35.49483017944467
30.25620242967832
25.350231179617477
21.243487594105837
17.908947045022185
36.65149272062136
33.53078875515016
28.653857091989885
22.52725692501273
15.847516999257484
43.765159088529614
39.7564600109349
33.707128933182794
27.309209910115477
23.458266648473266
35.36603285589625
31.053203533769462
25.948006910875474
21.28478582066945
17.63705829807041
32.292564390337276
48.866041606361044
26.31531039254734
20.78862241632389
17.02502020259477
38.123052416046335
28.104842416128445
29.133886541560177
20.519933087370113
16.716016688781995
30.558212517145535
27.24500124170354
23.464384796094425
22.135637156609057
20.024018410790113
19.286695135711895
19.39235328995008
19.779677729622026
19.918864184003628
20.467402182474203
29.749256316328548
27.99819966880233
19.374896796251107
18.70849412187988
13.529148923541875
26.577223915804122
23.57713857093451
18.498455849204817
18.28221084321657
12.478629826993048
100.0
100.0
100.0
100.0
100.0
35.65572754047288
32.525717278416195
29.425697372609577
26.270620459193577
23.052557329550062
39.62405080912638
34.917140702247266
30.069025620742437
24.808319840229736
19.700359247903418
33.23903097257843
29.537287873241112
25.957617856464314
22.252469333116352
18.782062232413466
37.0974336008548
34.59750806803589
31.22029089526788
28.536824481664667
23.998560968677843
40.90719997632413
35.94805054669798
30.704288811457594
25.802453077008998
20.608610976520886
35.858499674962204
31.099922276581573
25.995048546216953
21.26055848078159
17.657619026611936
37.839856271946466
34.82431642727864
31.79269167176272
28.79452225539604
25.828628386106296
43.487711693629734
40.69775831173751
37.64115908763334
34.6966150273309
31.6272761488974
32.96366325107444
29.98464618540595
27.035406122984796
23.97312229098125
20.870459949642687
42.28987254114089
39.39361933928304
36.35530625148057
33.17341282645279
30.068764634066348
42.046137933943115
39.15016571455442
34.20181705241907
29.14715987617619
23.846238889307813
37.910646011078896
34.68639819999695
31.732324508167427
28.39254841246579
25.32889934750478
36.526048792967096
32.257357669581985
30.135997354479294
25.805713013257705
23.371934012575256
35.29626419451147
30.09252681479223
25.124061665813713
21.005554859610708
17.89550588895193
36.662881786942904
33.50667288371093
28.816006523432968
23.646462563175973
18.733370643135107
41.826220194978504
37.60832395285544
31.36015052151102
24.762658686379737
20.775658544368547
36.90967848970209
32.40070519789269
27.960584116588592
22.53749015047373
17.914571016894897
27.73737246123811
31.10885621102204
26.344674311460796
23.13493164119294
15.402224853208057
33.476122098532514
27.410646845622292
24.712544132943627
19.97062958092684
19.342425053988016
30.97158861313352
26.62859015471828
22.638050401790665
20.48877230147032
18.51409512025839
21.41930470418569
21.221285754710983
21.354472647346746
21.056234305842146
23.299452195321074
29.763266039842847
25.431596286755163
19.315614241171552
15.91956543788961
13.38143195922245
31.676597562078868
27.054879629830047
23.79340590208067
20.646718976144157
17.77685095937006
100.0
100.0
100.0
100.0
60.231231111561634
37.401692570612056
34.36932888121918
31.415312646244633
28.365928726921148
25.39147104416149
40.44315579928498
36.634634938498635
32.410256528991766
27.399947377029754
21.8266948606497
34.72330291232202
31.30649143342613
27.86604900751064
24.515953377182495
20.96818622541115
37.866646875914874
34.60818669933726
31.171346658699676
27.899257002840958
24.76637634488013
41.32238853552408
36.42221344625987
31.99296000487227
28.646832615718736
20.641298502972887
36.5999172265055
32.23047490448359
27.293519476706408
22.240624984419984
17.81526657187903
37.81632028191223
34.841426236433925
31.8132676318162
28.78521094059222
25.79607261103492
43.49997745618194
40.64115420694007
37.67664365770956
34.65419364378964
31.682005304786745
32.992381893466025
29.999778575851856
26.956113837806694
23.94710175726386
20.962692119115683
42.08185296856912
39.45005117844242
36.30704555280959
33.133467671396446
29.934888528285093
42.14700077389247
39.25036101882889
34.30146642815636
29.235292706119814
23.978288173348087
37.768637739023944
33.23840386629102
30.141173285017757
27.15054483426071
24.05412968442856
36.65671664572199
32.53775120484747
29.616619222733593
26.128683871309924
23.12156323828959
36.72536808266643
31.526909292338342
26.589795119008247
22.488267135280843
19.45684994759418
35.87900040781101
32.70513934142697
28.652692347169612
24.84711969448952
20.1533143345307
41.37043791305701
37.32414419715217
31.287932579921428
25.23736404527184
22.02798215135258
36.59664666820688
31.974227116322464
27.129195645434685
22.098152677913614
18.077106066477548
49.388400561987645
29.439362348827224
26.925725644536513
23.22766379582072
16.821079369999758
33.323892480453964
29.299712752336944
25.672799213742763
21.695357174600836
19.820889999937947
30.695528125825966
28.78771783293436
25.123100886467444
22.637597997620126
20.964891455383196
22.818884567057836
22.68177915020904
22.309840899515045
22.77098334830648
24.914929996076133
29.751016393060826
25.48538078967674
19.307210059343486
15.978199181549762
13.315013439540904
31.592235649948655
27.05314146081534
23.621486650624615
20.49533155911029
17.59953064093639
100.0
100.0
100.0
100.0
100.0
37.389863329338304
34.40399526858499
31.4439898225259
28.39590500949894
25.373258039613038
40.44727615501785
36.46169792243037
31.582730622809876
26.172033819853393
20.79082111955355
34.58896906095081
31.03239165803472
27.671450556350372
24.486988025866403
21.080347066584615
38.50068090214959
35.1145763028848
31.75524276595043
27.85679154734687
24.228912509188714
41.183870620993574
36.137732879556594
30.836793907620685
25.535924618543262
20.00427485095877
36.12882321642786
31.578828824750257
26.6937387054979
21.911338919444844
17.957054829962356
37.82534513644017
34.81747191585703
31.77632144005793
28.851952810157343
25.789280089987056
43.482639083085786
40.62789453146018
37.67016674378146
34.66716700386961
31.60630811605892
33.01965040419083
30.037495561589154
27.005326786484346
23.95746349361602
20.96939648773191
42.15535324708934
38.96910179976997
35.65825494385864
32.237587610988726
28.989515125921812
42.13440562887594
39.233843621670694
34.298335246071375
29.256079509516965
23.98025539820655
37.658432200693305
34.31359313133685
31.251512926576567
28.117606242399617
24.94567486873967
35.30243853695458
31.333203235358894
27.683459208959327
24.495770087708166
21.30929007574216
38.89730334402128
33.677627493136036
28.521081544521554
24.012367447640216
20.655544265733038
38.501382636592126
35.96440504963814
32.21695150880354
27.786363078524477
21.236368136701984
43.27264646221178
39.57231088356652
33.81075058790547
27.504515630914415
23.340728880940436
34.14273505841853
29.561381085852027
25.532513182443882
21.82665118389465
18.650863510415164
37.31010978038332
43.460755673426654
23.9804318586243
20.42359645032619
17.56626989037328
33.47775915380901
29.029385799735344
25.327158707422956
19.738548872984584
18.74737773938736
31.18426272659567
29.923499136632724
27.591980293372607
24.724781761838443
22.871743269537014
20.781226003307125
20.630897143719235
20.56548911658323
20.402644822059393
21.97798994748193
29.78242177716861
25.435512612809276
19.340777078427426
15.99672647441178
13.358745488305061
31.058316582246583
26.043685392372087
23.11313441304026
19.874757758155383
17.094734164647345
100.0
100.0
100.0
100.0
100.0
37.20297717018764
34.15226450409552
31.107428363707864
28.03485684044816
24.928874435728183
37.12798665844607
32.1692724991041
27.474667404213772
23.3631123660258
19.41624600592388
34.11879342578018
31.205261435798395
28.236344657081133
25.263891883830205
20.932997345833698
39.21185854929911
35.884241945435875
32.18781454465607
29.184598892790472
25.40979576223201
40.76145143954833
34.733758683429656
27.827767273891272
24.749647686472475
21.33164873459946
34.23536749387962
29.657414211076265
24.981890641866613
20.91137284518289
18.462616332883602
37.79388903269079
34.85277201079954
31.785787274830643
28.80474512530232
25.728677139946615
43.520267254049344
40.683929420350644
37.61971686571338
34.66795715693298
31.654031825511556
32.979807988656475
29.975614917587375
26.911506290202812
23.98326773387058
20.965044872665565
41.25753567521869
38.44285816324154
35.36054333527608
32.17859296009525
29.079457857080584
42.11359222016824
39.214022976989106
34.28219213502354
29.244602269996864
24.03887362395785
38.235445396107124
33.393743188039664
30.549959596219946
27.354159519873317
24.190366061038624
35.99397814932092
32.18390037173886
28.333581185253284
24.826399743102925
20.72458213843646
36.40082843385177
31.233026825381415
26.280691994739374
22.152167184306172
19.07556067139681
36.418556168576536
33.27275184582318
28.81243779211487
24.25455385718059
19.539278029739144
41.439130518331986
37.207840618572504
31.030609897650876
24.827901207768438
21.088821149706057
36.08449515767974
31.73269513756911
27.209309069137767
22.08502026405357
17.862746303990495
33.22518864613478
29.009039516992715
26.941656795841375
23.377044726262074
16.383541923563914
29.084494954187402
25.817969909665678
23.478071827792597
20.342486177279852
17.70665105788272
30.686658676971525
27.56609963790921
23.878496272893777
21.901464129949254
20.09084353148822
25.62180412059181
23.804517786404197
22.794698657538653
21.904036686057587
26.32288543067186
29.762535909258695
25.390118583126174
19.306848901850763
15.864916627073944
13.296494004570075
33.1592618884213
28.690157080343393
25.29647888889054
21.782080868642474
19.274301457370672
100.0
100.0
100.0
70.55022483103605
57.29999988440544
37.22116851674503
34.30045013851297
31.290330683196025
28.253372367935686
25.19531274976355
39.87985458627207
35.519309577553194
31.136319617677067
25.970414090261116
20.808658858563923
34.12239918448347
30.720144535107362
27.337744672997466
24.249257304810953
21.004918064115138
39.023909765482
35.2362127623728
30.47130106164119
25.151571123216115
21.406024704516664
41.69151947306331
36.61698291487913
32.2151501647999
28.71500384446197
20.06153218208803
36.211896944371055
31.51805482415011
27.07519105469798
21.805966628789378
17.589899925290876
37.733231946719464
34.79518177326262
31.78931878630483
28.79878316504845
25.80684260026317
42.07160481332195
39.264251251397724
36.30091463844132
33.36969932503561
30.322261813105584
33.43591474391851
30.486997634383073
27.496584493050975
24.56772262228478
21.58511983830404
38.11126642941777
34.998066405382346
31.972421287859913
28.81752791251721
25.59798313927913
40.88077494714468
38.02162830669716
33.0882183533837
27.97549072877033
22.581963095016615
35.956671033083495
32.820315009162655
29.72359752097374
26.525601257418984
23.284510391759056
33.16466208030084
30.378327053547736
27.734163280455952
24.524873461826516
21.264964169146573
25.89002032805585
20.806849894954304
16.63161985004517
13.750818120279844
11.923050528426577
39.338372335397736
35.81008220213412
30.571492622677084
23.431157516655784
16.616326296781562
33.49892900807965
31.876059051027266
27.833470764070036
23.201507850639086
19.408623162098753
39.355777668570894
36.66477585180108
32.403910353342894
29.98784725420167
24.862436377936945
34.52483231473855
28.865481368877074
26.10598380643893
23.003091922559555
20.615373952546495
31.858966374702526
35.563936291852386
25.26934773398803
28.114846211701547
21.79691370693581
30.707290593876365
22.70733729775216
21.700439874716682
20.756781560532552
19.13300148541125
18.132967204866844
18.625709259807053
18.58188133467036
19.26079307900752
22.14966758888309
30.523473715978987
25.774975346294248
20.219183170675308
16.351081337111214
14.384780901592558
28.35048558200759
26.717995479369314
20.354782565623747
21.00109515524354
14.390595664052078
100.0
100.0
100.0
100.0
100.0
37.613869469392476
34.67036760723957
31.6138368878067
28.51550993446141
25.40764373994881
39.913755902561114
36.575407989221105
33.493249828392685
30.395576802513823
26.960838138790724
34.96708957909982
31.842947657578733
32.626319392064666
25.09611950316542
21.717910272057225
38.69945626671759
35.3628424334293
31.486648110826756
28.98251703753715
24.859173118448588
41.98720274046784
37.51473654875778
34.40324373628794
32.24017026132027
30.33795116965365
39.33714128684101
35.701711903920376
31.154517116593524
26.183710603217847
21.23598874278082