33.07421268229846
30.07379483937222
26.998102530760534
24.01624378190574
21.0156901984767
33.22942787251367
30.23200940270337
27.20403553344578
24.247859553298564
21.23075637882602
33.09194535488905
30.05138851778674
26.98661730119553
24.00426031447559
21.021987953657643
33.00113866077502
29.92004077539304
26.84701180126092
24.087414958137497
20.954479164248248
32.99786231751667
29.997619610303662
25.008996702250478
20.019204139441978
15.016675357129916
33.338653286476934
29.984699984470616
26.92870978961929
24.043193992971986
20.99132734589319
33.28901051997326
30.266282323382462
27.128021216824067
24.06973249559721
21.129662914307175
34.012577941134545
29.18568023358574
25.336893337258402
22.819485587026335
21.08327703789145
32.70266951361768
30.141159959681907
26.94139562901132
24.04905382827268
21.045299727027267
33.125243074137465
30.263595208090642
27.057151204272657
23.92539126841872
20.900075323685897
33.01572772146982
30.09013488488303
27.17821218227295
24.03128689746662
21.062763792736025
32.67517968122722
31.082440062927997
27.185251550763848
23.929468224304095
21.312367917832653
33.86894158084283
29.498003905168986
27.070555997509175
24.317910586863892
20.781670103341664
32.908917050201204
29.754674388085263
27.086099662432623
25.357707404058164
23.564365695084536
26.903508906451155
25.93040932694409
25.394673167290073
24.731115920496286
24.336971945080883
32.57095203763693
28.130803608679102
22.130327098523345
18.588390737082054
16.270943119350708
35.94776136995306
30.005499986467377
27.977610007306467
23.508125421249055
21.960900756798058
33.05139245415728
30.170614325054995
27.005993251480184
23.98401303207086
20.99254358579078
33.01732526795734
30.013850414684015
27.01377849067525
23.976571610983612
21.004096020845196
33.05250439228213
29.983111191732817
27.04679510683821
23.961858353100332
20.94956224820323
33.0260736521701
29.96406942752185
26.987792007565208
23.99055065922509
21.00834821390018
32.96536254422145
30.12300779787857
26.678719472892958
24.830889783253927
20.81391090479749
32.93388826472342
27.758871743621825
24.851721629742745
22.90439786508525
20.616750838727512
32.98702529110919
30.00049912421565
27.001000728638346
24.013175400082517
20.9283163211156
33.07897387820439
30.090715400951986
27.072926376412447
24.15015550521324
21.27826643084028
33.286000298176845
30.304836554829294
27.33897887635373
24.537813091189044
21.705640787973884
33.086227913704974
30.116867034285065
27.08068676766498
24.14389759745611
21.305867355132214
33.17441729165924
30.138688020410946
27.129656543198738
24.078670094845442
20.997418693145327
33.01650192742756
30.02955891289913
25.12596138462143
20.35212608251576
15.646087770663119
31.453145485132495
28.45090419351125
25.3551140662778
22.33264063541675
19.41116063853163
33.21227563442349
31.336972491215565
26.729253518533774
24.03123209218296
21.210528197408024
39.73078349985021
34.92662273983329
31.05482350181336
28.295655456504733
26.023681185119383
35.11252935557491
33.22217721899626
30.805849609789906
27.790109717575334
21.844617120002017
35.22655603927509
33.173049628172684
30.342049381538946
27.00869421792688
25.1209037824056
32.99931460076252
30.08505564533158
27.143580298594845
24.139001049195908
21.33626778817879
34.34963137840188
30.518662509685623
26.7080804781312
23.99178083437219
20.38293748603936
32.852987188430326
30.256363089397645
27.478250433685307
23.753178371733338
21.22043408156503
32.99507836352946
33.86819153532859
31.091728425674372
29.979165472795906
28.02184168013378
27.32580891659255
25.92439948448732
25.17057341043166
24.261592266177907
24.700368206396565
32.58809734083443
28.13681585327334
22.226017738353917
18.602359637369148
16.936927018075224
33.48198889289221
27.731476162750983
25.542689578142173
21.035001710374356
19.52392257731277
33.015563328186516
30.238351755629616
27.005296566462633
23.985847795839874
21.02021748123242
33.01498743390678
30.004068249393896
27.02310422813586
23.981531736159223
20.984088920874573
33.014808559456036
29.999231382083437
26.944947493658983
23.971825270381014
21.041436671994166
32.965855230068584
29.983686713639912
27.006613542936194
23.988509623443207
21.009087716764007
32.94273668323924
30.06046678929752
26.805632198283355
24.49913922002279
20.54033551918686
32.93776586009566
28.016275552776307
25.015083638450992
22.822657325342814
21.18546344593078
32.98206024673989
30.002085002199053
27.033899101038745
24.20014242980958
21.14129143202279
33.12890044365667
30.162583681169867
27.11420375030768
24.154102678916264
21.184446216794303
33.33336175464328
30.375680898372345
27.371514586770655
24.457289082990027
21.508449685307344
33.117824040620775
30.172521947639552
27.11366629619905
24.15373672606436
21.215387975581713
33.14102216660628
29.9475977756078
27.12892857065679
24.12229415530256
21.10696321214931
33.05984304828189
30.079026852867386
25.139563580696272
20.21726707080129
15.317473783088007
32.38994275718047
29.15954474519728
26.07301478100772
23.048380607615112
20.056810624992274
33.316957469326475
30.28490122800266
27.02517341271415
24.30252443028401
21.10277897812417
40.5462881242886
35.76923156486774
31.840062831770233
28.90860012699518
26.416926882899535
37.95430627991489
35.778577537732026
32.679687236310855
28.88337270688954
22.966543312986666
36.822814378476416
34.63594851187508
31.38399478065399
27.20981078457635
23.459236144325743
33.00024494962152
30.083794382197727
27.07933425065856
24.086904699377754
21.113633882191788
32.80265794160683
30.631506924656332
27.174672607885775
24.28892577702696
20.556925976417823
33.085902048929384
30.022144770956775
27.141815588014765
24.103984228158907
20.569810513477
32.94166319375483
33.488956120281955
30.78620265316963
29.59668338730569
28.21985601475118
26.80933453572589
25.770434030745214
25.346345466067376
24.55761316531131
25.110602934986538
32.61367446743736
28.188567440668066
22.31325460285975
18.668833270975938
16.56130400269718
34.0129716163506
29.315875774198467
26.037626682162426
23.287194770982545
20.0212291990653
33.02041770434414
30.001686694261274
26.994870507110384
24.020744048724296
21.00499601208876
32.99700811396559
29.98209017208854
27.01029113173962
24.018455941271455
21.002075883219455
32.98007932569281
30.073123416738134
27.053956892499063
24.00213422696604
21.00808764452787
33.063070221993755
29.992087609132724
26.996251234364056
23.97110392249946
21.018280749895
33.09141323591803
30.007999232071832
27.037181604893906
23.957023907236202
21.45603259199627
32.97205242081246
28.333905014716088
25.054779443427478
22.959365002412028
21.016908601592306
32.99452481051902
30.098174550342126
27.005354013177055
23.914766543339194
21.008675090319716
33.06484397718038
30.07339565861883
27.006505323716606
24.049287849984342
21.07956518294646
33.25339797671283
30.28150865709073
27.21255366415246
24.263485140548035
21.30523180574624
33.06908388438516
30.084284804235473
27.01679558834204
24.063256028390736
21.08152794783363
33.091897816890906
30.04528289990369
27.212331903005726
24.043186581230806
20.857686539123126
33.005016400859034
30.006960890066235
25.03358034285101
20.09849907845372
15.174660254253013
32.87496732012119
29.31610609862545
26.529320312832787
23.492152362384502
20.469975813090628
33.423676723737614
30.307467153460706
27.29994995328919
23.580763471239873
20.696932572528684
41.976100004938246
37.193997136205546
33.23398756268621
30.135599898350435
27.39127311591687
36.50913915248026
34.82902842762235
32.6675600600016
29.76163204256892
24.036208985083828
37.05161705727103
35.01466816849288
31.9551487866247
28.234626527676433
22.87169694811005
33.010997496286755
30.065998455101234
27.115683505538115
23.961162169193454
20.996593414443886
33.09970147428545
29.733569852505685
27.202538809611703
24.02317350697691
21.532944366652767
33.05707700808498
30.08772936250493
27.072242241900987
24.20892963043459
20.88513342758192
32.983934697844745
36.688418089596425
33.07909536215174
31.78664244783584
29.813622412810528
29.482756469433756
27.349219758357
26.318655733114475
25.273332736264493
25.27021261016674
32.57893741552974
28.134673252632474
22.152711247796717
18.594191929562903
16.426437991143995
35.65620186780373
29.863271098137346
27.71318879792206
23.211222721027166
21.695983885199055
33.060081286299344
29.98257736238945
26.998186828278534
23.994582771600832
20.98719620266173
33.012054958796895
30.01122303128414
26.999190582328588
24.015807588586505
20.98569146658809
33.09213066574269
29.99416365863034
27.053636498815962
24.0486407898661
20.946468333714904
33.00537176786535
29.98447702429334
26.92130220089431
23.994875326451105
21.093251716965206
32.976690730414894
30.026480405453952
27.07470384083323
23.871965290639537
20.033503803540697
32.1518292961944
27.95158579335897
24.97040178099475
23.156297352728835
20.819639377193333
33.01289762449791
30.116262193156565
27.086805958229178
23.973298630010696
20.93010077587927
33.125606323624496
30.140201913313277
27.129244394372215
24.20772294779143
21.285307839557337
33.31031347335624
30.342059917773412
27.310461059234452
24.397707754684976
21.51531878327895
33.105889503238394
30.138421708423007
27.150838747855982
24.196731822809056
21.287908870158432
32.98097879390503
30.074275379125233
26.976158045463325
24.015555410668302
21.057988774631845
33.05193455416627
30.076973239990423
25.169697480635488
20.338047816665444
15.55692233290609
31.97880947461656
28.50829765112313
25.524747795069175
22.539233313311342
19.544427978275422
33.34768087166712
30.219257017002555
27.09474155578183
23.771061426827256
21.017484832469666
33.230195151644175
28.442474251486512
24.332006873316892
21.282241113746558
18.98781951580738
33.794707172220654
31.317568330845646
27.620598972346492
23.17850968500543
18.688433039822414
32.733775384199944
29.824289720665153
26.16637893453271
22.50782140531235
20.009049339723617
32.99488360772749
30.014763261856103
27.08898931214363
24.079267939161628
21.030670837033014
32.15968506211811
30.31020345117679
27.119877261664655
24.204189458039732
20.12980818442258
32.99379354270547
30.84350754456353
26.907221059756946
24.230631140143394
20.823881545296516
32.783109964771796
27.501028098660186
24.20709761123717
22.282310321732975
20.228996451650932
23.556236961539426
23.46519647267458
23.523438895862384
23.48975729967502
23.774640393930166
32.60149169198725
28.18098632504945
22.33695150254504
18.664131517845085
16.83683639434173
33.22021040218363
28.187540681784707
25.26316844895397
22.153338072036032
19.232871191766684
32.99909706614387
29.9846169372369
26.996098592360728
23.991605645554873
20.98530125969507
32.97673882174195
30.007245122005077
27.010498374876338
23.98493522072989
21.01347288349039
32.95263777148304
29.964447228719365
27.01803142874256
23.98948264977596
21.030326567437278
33.01405550853966
29.957978159759328
26.93440603112345
24.03160944042982
20.914087729906218
33.03426488226763
29.984005189840587
26.91723794146685
24.051790210877382
21.25347818557399
32.90661870299197
27.990404753082316
25.13437884060641
22.983593640121306
21.214789374368106
32.9655053232215
30.05238367096333
27.05267419578081
24.005677591577125
21.045760666383725
33.20277225233446
30.208344618590772
27.152025523377837
24.183486244299345
21.180164231059532
33.3416237332148
30.35152749190543
27.287642516933186
24.302853609817937
21.329890427157817
33.21928851827353
30.194966638538318
27.158251312166936
24.19228434120845
21.203402468446505
33.00499513857374
30.104887573341365
27.042010766113794
23.883269195711485
21.214693409919217
33.1278639421414
30.136506800607876
25.166684800080553
20.196556272835974
15.260269990394203
32.668190052693035
29.247064993197217
26.11613963913101
23.207480131216474
20.194775667130827
33.10262735844043
29.969372544019958
27.348767542859918
24.346686242525585
21.326300901773685
33.910764884271344
29.05858661886088
25.23184621267233
22.75104651664901
20.977522769884757
33.46507571429536
30.964816075708814
27.49497439050891
24.0935087698682
20.381842263840223
33.70324809598511
30.781565854881677
27.373195504080602
23.930788962491842
21.174980128048603
33.03234810051866
30.079542570257477
27.1117465697291
24.040197463483803
21.05427008249622
33.43510436418055
29.368082187038024
26.876591625236905
24.40928703634817
21.045889505355355
33.872735185480884
30.662721104896843
27.337673349697532
23.973615537739708
20.882379285398358
32.942681162946194
28.98208846093722
25.797358778422765
24.40835228864087
22.838957779442207
25.47404789657502
24.755601202992
24.529173528731725
23.90646171755718
23.758015625876943
32.57036484864856
28.3959147284667
22.124515200242747
18.982818985580334
16.163945088844443
32.52965229071496
28.12913861106033
24.515119752671307
21.94135119685539
18.496026651903342
33.03307131929974
29.997390553853073
27.013871006782423
24.022925819153915
21.024785015440383
33.019772622082534
30.013527016297385
27.022834196320563
23.9812437038308
20.992781107922156
32.91282643617499
29.999364185516146
26.997413406025004
24.047765970828575
20.95322600966317
33.01891682162515
29.993923137442483
26.970916229270614
24.033959787909865
20.958980756972707
32.983492624469186
29.930833835851644
26.7878502049245
24.224830949276676
21.929831361686468
32.97910179544274
27.777223053473715
25.135758079215584
23.195155211263987
20.918952982897473
32.98498153776089
30.05577777614554
27.020913934565066
24.0406912959562
21.00692067293881
33.07992605368198
30.074713808610383
27.024716838143384
24.05512953184307
21.060678268529763
33.269073576178975
30.272361967372078
27.241936305743913
24.2897626186192
21.301590072724665
33.080631000507864
30.07015324286428
27.038399270509508
24.04686772250605
21.074081203071778
32.95737261278255
29.866571805889794
26.92842529917465
23.836332730615275
20.98641615038508
33.00720018470115
30.013052356062385
25.040875274191418
20.070902553650146
15.116591459921525
32.78173357061767
29.71066931106207
26.70411929547065
23.61127727562112
20.682331188332725
33.397438224991106
30.319248921931504
27.069578981535166
23.712275605875032
21.455504836477026
39.24830815323894
34.37255842169476
30.049015005784273
26.233363663631692
22.65627960560035
37.03707416673153
34.79445690134336
31.44963872556083
27.58711783940063
22.660574128065157
36.21975985354739
33.80698299327617
30.386221060668195
26.116351103430997
22.85610006812462
33.01886485720606
29.964920649680767
27.088792654700967
24.037702201762126
20.93187823162687
32.871877328995495
30.710616140196922
27.02045723735091
23.749538209666255
21.002627611957084
34.410478427339385
29.93060849767375
27.13268503970028
24.048404070609358
21.239154633026015
32.93506466824117
31.844055240469373
28.562699045582733
26.53754558411563
25.051371657178198
27.00644143926667
25.836609444369287
25.163724219901088
24.615793774715957
24.57174169235794
32.57728476305672
28.13805290390564
22.180186795201124
18.604929925948774
16.354934585372135
35.08064098887907
29.45920042692589
27.141469591771084
23.143469491756697
21.122891164889076
33.25612587941191
30.030388062180524
26.99850366770066
24.007174989856722
21.012772709206274
32.989469599089446
30.011642424763735
26.97992866520017
23.987342313569147
21.00009124067708
33.026009782892785
30.060689091956498
26.991661391730556
24.085226837153982
20.979253502532167
32.91571768702611
30.033373603528442
26.967886265529522
24.004471121215587
20.925387222486144
33.06478733238281
30.037666098273576
26.998973551635913
24.161237284428722
20.952546916152542
32.96167455564437
27.90383372737963
24.826839634529453
23.287624810450577
21.160957806922976
33.001728091044406
29.991227429839867
26.983244107100454
24.015528406746753
20.95490521140556
33.166186307561176
30.17232942751619
27.135295782498364
24.167149938487547
21.207547510838076
33.35054189472257
30.35200513966285
27.307824652448282
24.34643489506587
21.352654513545097
33.20817122454987
30.208996284777317
27.15489269343975
24.157411386802963
21.191272412242874
33.01822045930695
30.1804801148969
27.13835651384389
24.13485610893516
21.196716749308756
33.104533064285285
30.11856522700739
25.160014228247512
20.224087155550198
15.343661071098287
32.21250607154297
29.19871864013863
25.96732692466577
22.97966474234372
19.94078633495201
33.27205957625844
30.09114369835708
27.140031607563337
24.332538345757236
21.45831545795746
31.797413442501853
26.831801310248984
22.781490614119456
20.01894330274586
17.965368205291426
33.63582674135137
31.280195688310503
27.943689699988514
23.996631211636625
19.32973269459313
33.09309888775567
30.25964554632432
26.481224765375714
22.814936524660933
20.386788208840105
33.02789193394748
30.09869706432614
26.92039853002665
24.043380008835737
20.96676798071482
34.59667067574168
31.131689424489444
26.665119604690283
23.971568032029282
21.692309967909324
33.60732978665549
29.487692647286224
26.812949685442558
24.352702866459957
21.002048128902295
32.96331663555093
26.662757452350053
23.226730203578526
22.164211529127236
19.975025145938943
23.203676619065444
23.163553525554363
23.30025546692644
23.468410653877243
25.55989398259512
32.56797065996305
28.358749865032614
22.119331861340687
18.98552457439222
16.194056536622643
32.02495661875327
27.575146629594634
24.009779340068146
21.729344612849324
18.008872481892855
33.075199905394214
30.009894500266824
26.94305088125352
24.00375668609794
20.980206782311566
32.99146089710898
30.014874043547437
27.02370254563107
23.99382704403486
20.995930250867715
33.00953541447152
30.041015337791794
27.015848362096534
23.915836391932423
21.030853771416673
32.99618387537891
29.94520907293787
26.9527079513134
24.00994280526666
21.046230213027233
33.044828379927985
30.08852947584414
27.065799296647292
24.00483404938897
21.220862482251682
33.02878202826621
28.040874143888168
24.918956728183485
23.023266041194393
20.90083213330605
32.99370736004069
30.06112615195139
27.057489684896282
24.072789800183493
21.014859352273376
33.0719526830548
30.07277945362074
26.990928830589613
24.003786833829977
20.995862387712577
33.26203822018125
30.233782267946182
27.183454674085567
24.170104347111305
21.1625790274126
33.06771341781937
30.068791609087135
27.02780334669378
24.011423024104065
20.99914142566965
32.843555187707295
29.95900519155989
26.980748869758436
24.025306059488642
21.20745125768659
33.00255586936424
30.000448049564277
24.999177618813686
19.992484235054
15.044977381683104
33.016130454621205
29.83171368786472
26.900798109539483
23.868631971301568
20.865730000596322
33.43327164313311
30.264783298722243
27.656309268776553
24.281326401644513
21.593589594358647
37.98582621320223
33.06020086838426
28.836454271597816
25.478431186494642
22.64685277231333
36.34824007153141
34.26109939912209
31.211822916096036
27.7922444171222
23.161899243506305
36.0411223399735
33.58571595826177
30.240239825600064
26.18853209728509
23.35158332441
32.99447877830568
30.080386163131184
27.093809652388764
23.982110209227724
21.00344650535802
34.134953109624476
31.451468068493085
26.706070078453127
23.91854479939701
21.107916752996374
32.650010418069215
30.046039181210116
26.881269240395667
24.31563779297963
20.7502811739902
32.868038366945136
31.028782664250713
27.668713092641198
26.31873296453246
24.438941174251795
25.45991166950545
24.995881316131037
24.74118612173617
24.31831613415071
24.838513901763474
32.57824847762172
28.137605091446105
22.124443358139274
18.607241517422082
16.16689596012011
34.41993354906423
28.580855344133536
26.460928237325287
22.050775871222545
20.443482589344576
32.998447237894545
30.003051923202932
26.99334322686816
24.00616628935882
20.993233204360312
33.00781194059472
30.005862700104828
27.021829127197506
23.99510036675637
20.99552150711606
33.03088723361305
30.005785710213754
26.90965583051468
23.99153141032523
21.016532966332484
33.0327020688529
30.01406625419318
26.953825117002843
23.998321018791565
20.989886927286324
32.955434449209584
30.03472075188995
26.944304402577966
23.800566786911737
20.89745058420677
32.93837548594648
27.86628827045898
24.8575775850099
22.97264096978781
20.884500808554165
32.92860483400958
30.006421059389638
26.99659560580942
24.079206673713752
21.033959289664672
33.10324900422724
30.10529754828181
27.030158728641013
24.051982179764536
21.033233438683094
33.27924323048317
30.277654454841823
27.179129611108696
24.209964725574416
21.195213235331927
33.10769913379704
30.092089825666605
27.047695572930152
24.032341568338175
21.032419911467365
32.823349532166326
30.295328423224028
27.370717978214884
24.39386200765522
21.501989680028007
33.03147730187193
30.030305505018564
25.03535765656149
20.019824130182077
14.981206891752006
33.48771349978768
30.059821877432398
27.054885225296275
24.044257249239767
21.09343786002264
33.2386613671662
30.26356211997228
27.28738056813433
24.103756475103687
21.317248935754076
38.536932337581675
33.65410342368087
29.527385254914577
26.433903150835675
23.93029101099302
36.25478203911267
34.16169078274012
30.970787447377496
27.365797291171198
23.27694326438688
36.25221574942274
33.95783463600244
30.589117354219205
26.570004310168017
23.7223514789264
32.99275765912598
30.012168937855172
27.08335066042416
23.958187940719235
20.992968416590237
34.31375443396139
31.41321385626985
26.957817213567807
23.795663886751953
20.831942070805837
32.764985795458365
30.033564169287956
27.136314752034984
24.310424729149275
20.249275688808176
32.92556262896045
30.406884216306285
27.43695275564079
25.900847672847686
24.83995563136461
26.083145010476045
25.29756261075476
24.88124336296653
24.41659009079871
23.866160633041076
32.57642762425118
28.19683511765441
22.12190541667436
18.674181663409833
16.188445273563655
35.063740259999115
29.857123456822194
27.169977606190876
23.66521314081541
21.135620575864333
32.98639933873896
29.94360135034311
27.009527267632546
24.003927042038086
22.17141219158308
32.9854557379696
30.011549550707667
26.989553360939343
24.003455732676056
20.99544153165335
32.975409989156105
30.03012431807511
26.93257268693168
23.999395356394633
21.00290126300767
33.044266167231264
30.016349584258627
26.990240560001144
23.962321024435994
20.941963790261916
32.92034853866853
30.11312070092368
26.93806178315105
24.051978898173815
21.61261261382098
32.800520004706485
28.087210358701643
24.83767988333685
22.84649621626322
20.874954085424623
33.01460362237324
30.084177548545266
26.937431570127572
23.946327929274766
20.888279746973545
33.10230141747907
30.137559053888335
27.116272739158557
24.191375618183475
21.258789748618483
33.32665293044136
30.358236069854946
27.34131600050723
24.421712326003437
21.49981520153899
33.10771928364084
30.1138160049654
27.137895383164206
24.165924073768007
21.26973815279267
32.879976848685516
30.274449070225096
27.243519001144897
24.267876267515284
21.340026801846147
33.03598772509066
30.069772002208104
25.16828520088902
20.29937146413781
15.427804302962453
32.118160019130684
28.97473371686197
25.836544669277185
22.803833510620034
19.79968545791103
33.13208270342393
30.037115927827067
26.956888943644522
23.923903157409015
20.904109908210504
35.229713317314676
30.446464529367564
26.610462896575267
23.968268577099646
21.967707527496636
34.1583707902533
31.80862334712236
28.52162608331382
24.890262432399005
20.547615530913355
34.15699071544302
31.339255431529736
28.000234347841065
24.51218543140339
21.581553004280472
33.001086456659
30.0956221896843
26.969040814106357
24.11682140059699
21.10666479417652
34.26189841806762
32.09592745470843
26.82294018210603
23.943839060514215
21.004228153057273
32.74270999570751
29.523003655370694
27.179828723344478
23.722216337234773
21.339291869682114
32.980719438245615
28.229586308426974
26.055192163608154
24.246195896560906
23.065773653682676
25.488296320787622
25.015424042276102
24.606168621138544
24.230389149589094
25.2815256630201
32.58245023717656
28.13922058997383
22.40724386565717
18.60588368887601
16.87639129219731
34.564271067600814
29.13727738972797
26.594931566777774
23.073383151698824
20.58783883802498
32.994957627443725
30.154623478056656
27.000106315936844
23.990727394922814
20.98578100997826
33.02395055894022
30.00608732789634
26.982055483204878
23.990333971263947
21.022509216929265
32.99008832991765
29.988514759945907
27.014794340112008
23.97239843854576
20.938860832474226
33.01440050843518
30.034308254591338
26.94550717302169
24.023690745974466
20.90105511914232
33.017575022757455
30.094485613930622
26.909077076490462
24.089478166221937
20.801924038361562
32.991697893736436
28.040562587189257
25.131129547115076
23.000949531182098
21.00452132683951
33.00149958691658
30.03404666896911
27.01782017876245
23.990520972193373
20.955748244887722
33.11350453253401
30.113715921748025
27.04773625465301
24.04864780822813
21.070180520983307
33.279979841317235
30.266297372828287
27.202361974902022
24.22951970852456
21.22617647962944
33.11787929206493
30.118371825710312
27.05431788084459
24.036257973423968
21.08595032654246
32.832562050922945
30.07581871819958
27.113638099901056
24.18099113744747
21.396018495463434
33.045785427385454
30.047879913004294
25.06029305046775
20.090036906604016
15.24673269809828
32.539744003397345
29.34176566067822
26.249396586414587
23.308253417854914
20.29422772186009
33.004500932868154
30.193716032028426
26.987568075871575
24.195594487538873
21.217100710557744
38.05967035284685
33.110308969121355
29.109279925386687
26.182529992659887
23.600035775767772
35.65751441741034
33.78372440643045
31.214410756237676
28.186210255342658
23.15301668061318
36.37988641130356
34.071101132159654
30.802870220528224
26.775479547490907
23.323387054298436
33.02905973682364
30.019277944034815
26.980758700949515
24.200715409423456
21.084100482936886
33.732091812872056
32.06432029863037
26.898822314996387
23.783431744763707
21.145936607447346
33.31617932585679
30.466527827223587
27.01471837521109
24.03830080298722
20.57430535216428
32.97800556824122
32.48411564044234
28.787352779540264
27.673681735287836
25.526204589438187
25.129538977584364
24.604756928942614
24.31327331237551
23.983458220411634
25.247121011088577
32.56808131759556
28.23266903043846
22.111807513341454
18.7631011413899
16.112667527283026
33.6927446058783
28.14626825879071
25.7490161415542
21.647684328941285
19.738785119040806
33.11451859058825
30.022295349593385
26.955206952934564
24.014320110298396
21.00528387112725
33.00600837955712
30.02476396730257
27.022213295237098
24.003198236495113
20.982096209576678
32.99918651831284
29.97736027613267
27.045487396875213
24.009094928433996
20.956104744516363
33.01105933308558
29.979573667074497
26.900420206125844
23.972883292567634
21.04780593021495
32.91856540765606
30.020320828150147
26.98536802485933
23.954423211742785
20.780403294880454
32.94247268946726
28.058828160174507
25.154157886485148
23.010245943777967
21.042511523166464
33.049387889278165
30.0735945533866
26.98554868496405
23.92925173623373
21.010856400746082
33.11337813978893
30.12959379537669
27.067823096996335
24.073372140058336
21.119197971576206
33.29320005823139
30.288333479511746
27.257788431807704
24.3057067207714
21.366870067808968
33.10677928875784
30.139196957880543
27.058966403851663
24.092547722500793
21.142013447718305
32.75136537516774
30.31638853705111
27.242103838190754
24.31890889933709
21.194111447279962
33.054537622302284
30.05901486788627
25.084640332746844
20.14755649313468
15.292836345975832
32.3962800404808
29.199012891247772
26.086253060741868
23.161179692500987
20.103900857141266
33.25881976512172
30.1921779282304
27.283511690698774
24.259610353654487
20.98822575186626
30.833793205163648
26.2176716190121
22.68641274945314
20.47977485145019
19.007455785157916
31.620994418784974
28.82197854929416
25.22889351020106
21.850124861988895
18.662069597338878
31.370915471101128
28.111342226739538
24.678307307359226
21.870497588133986
19.554716655263285
33.043462578251884
30.09739269216991
27.09137006588712
24.022433287770497
21.079616682301744
34.674002663959136
29.857442866731553
26.787539827712155
24.656933107640064
20.72006985170936
32.68960441177032
30.4329966810297
26.837017714409406
23.641290832469835
20.75860747865552
32.25549511894145
25.419368939969395
22.68817794904095
21.752656017111583
20.230121647156253
25.5176895871497
24.825972111386243
24.60569283944587
24.134240237381523
24.443789614919467
32.57455898410199
28.24036461869557
22.14477949284038
18.74355562696251
16.291938822580015
33.32355079243002
28.751157793782124
25.411381196243575
22.553256695732188
19.39268489131079
32.93924006742984
29.981920006688497
27.003007044383445
24.005483728399533
21.00344400867111
32.98876780131256
29.999874378668927
26.993020530983728
23.98692027130948
21.008516255444974
32.98688202812545
30.079194984769476
26.995818498033096
24.008851747405515
21.00270014549404
33.04888403645049
29.916114932475764
27.041145566586316
23.999062940498376
20.956010744762054
32.92031726103311
29.96750094273515
27.04677370905501
24.372841751808476
20.128665835463405
32.97129731991927
28.037858824418084
24.976342799481934
22.978373996508594
21.00927071569877
32.989332115319925
30.00282348653929
27.063052054606636
24.0503585558524
20.982721127647007
33.09638437298884
30.08666219638032
27.029379020736076
24.06383385837952
21.11895297991373
33.27667534663123
30.28498671406662
27.249698785472773
24.29630806918258
21.36371921397744
33.07443171382539
30.115392416448646
27.04782634106554
24.077327417539856
21.131506689366653
32.917788732605935
30.147790784970105
27.11806517924621
24.123990002139273
21.202372351821964
33.013691044334024
30.017737622824203
25.05418564698109
20.1549290171304
15.31888435614901
32.31438940007726
29.091766008362686
26.138412227036643
23.153131664157577
20.108382359863487
33.385477757629225
30.279844222044062
27.182169853359422
24.071698629382826
20.66427337559062
35.50172442803327
30.73431194622673
26.751577659758464
23.777795166316665
21.451081514475902
33.48705959187404
31.09559226711399
27.902202709941946
24.560262733544963
20.625824968442856
32.32341540016574
29.789815350731864
26.75211226765628
23.46081596262422
20.87069820749914
33.026297770303316
29.992946376108915
26.95709775617225
24.021960766332416
20.96679569439049
34.793152799069574
30.15390436442177
26.520874455480698
24.17988237445394
21.146031359408713
32.80947895866872
30.426865894301606
26.88600679354478
23.846484484709368
21.638118479427764
32.975152538351
28.429120147059002
25.25846334004457
23.57944556168112
21.804390022365403
25.506705307100187
24.934770125157073
24.66752265851607
24.37471842039589
24.105241221534914
32.58882956435877
28.143338321396815
22.17390061420065
18.627951758220295
16.420448782505876
33.17358643647596
27.508515674718076
25.217672282640827
21.388919033814297
19.20122048564551
32.993933649588094
30.006737464609596
26.987877916192204
24.008100400641638
20.994763024168783
33.01105299080929
30.00139149869429
26.997326798115164
24.023981607368242
20.989841430348402
32.992400616277294
30.004067002639356
27.030088552054256
24.026461383844836
21.00044019314149
33.01209528701423
29.962257135106576
26.98118926114702
23.975677557491608
20.967976314072978
32.97997924634883
30.04989129007558
26.951238634998266
23.952137644929728
20.664613951465682
33.19836793897314
27.80286881966848
24.814355034726198
23.235567710061726
20.7815743952986
32.9893675000709
30.060654299002056
27.047191816740316
24.021183110499425
20.934712288930196
33.21478125903746
30.261888310473125
27.251690707880357
24.33508911479628
21.454271203038473
33.35866782438905
30.389672303064607
27.401619964462615
24.513945094683763
21.665825165810023
33.19220363219565
30.262714428184324
27.230674260327188
24.319152934209992
21.43842950929768
32.825710572034275
30.031655465964956
27.133366180745217
24.27996607271858
21.582951475473415
33.158052432115014
30.188336291938324
25.294527234999688
20.535295120622543
15.870001640320439
31.232143190633096
28.037209286832585
24.89625184016187
21.926136829027843
18.912611358373024
33.24209399816956
29.82969816316824
27.736694290265945
24.23153323465599
20.33745684184318
39.065636944450766
34.30596802140988
30.43668126491367
27.41667275445984
24.624637743090627
36.091992390679245
34.1358918337873
31.312635403667826
27.48436644923302
21.004206007075645
35.87789627587736
33.6778730410077
30.735585231145187
27.083186595931576
23.392444498398607
32.980150394672265
30.060543261965496
27.066990951688656
24.022406183868313
20.91523138830636
32.40983099851608
29.88335217030869
26.56114759377816
24.045705089161352
21.346071245752803
33.636540847111746
29.981698993326155
27.045933312759928
23.976439921294535
21.093827460835193
32.655833150664776
32.83991406463932
29.730535101737342
28.756852734625884
26.976345999192123
25.37016113325995
24.74761582815221
24.115412139440192
23.785697972349364
24.307887882061987
32.59733737495745
28.393318404946704
22.313235931265794
18.967319721222328
16.799457920280375
31.57512353921475
29.085358350220307
23.524584679779984
23.444209363209932
17.539061699506536
32.999071766874756
30.01665466460741
26.97946428274236
24.017581040676074
21.016391673261285
33.00148127998441
29.993814811140673
26.99969396506439
23.97583388901043
21.01207289080441
32.97814539150749
29.90955138302784
27.025406370427238
23.99318850632843
20.979300960086714
33.01806413915729
29.970291496532553
26.9155795833972
23.97836293070722
21.00945607962366
32.99816447890241
30.097755171495358
27.07005990661792
24.033208069131085
21.41548977068694
33.01631210493582
28.117208953560816
24.98170246092524
22.848683663072727
21.119747447246414
32.90943634296322
30.002827678969027
27.025400833183962
24.032303312737966
20.967380000391177
33.071166462549876
30.081652782839328
27.00971058504077
24.01553160381961
20.98947047529043
33.26095481997009
30.252056976221965
27.193488226714294
24.188923567922444
21.161535850686292
33.066079338570376
30.08198244834864
26.997148142853572
24.01432727317717
20.96168789352452
32.862381056086114
30.109524727138222
27.05938436380038
24.079946464713228
21.21974698589389
33.00793190283626
30.008264925987298
25.01077460721085
19.98399600638827
14.947362402196685
33.61732114065099
30.1017064207331
27.26634444541178
24.188955771547356
21.227466949410694
33.283606887005604
30.286922631893365
27.146346219569253
23.79044375455472
21.23194426989152
38.836798000291324
34.00343446859485
30.233186015093594
27.79649330952153
25.94475657631381
35.65859566306584
33.50898689441082
30.767352683700043
28.04798551357319
24.574947915879136
36.52682631383173
34.091977477229634
30.874479082111264
26.89911413274511
24.13332955768851
32.98458866180427
30.082191084043743
26.97958742031524
23.91087166400621
21.017425333829074
34.02665029031228
31.666533525187482
26.806129865403783
24.021025595340156
21.83102419221216
32.58658827707613
29.957153749090267
27.009113964466632
24.005015838088603
20.58334716440761
32.794668241816936
33.28247637995433
30.88269702460594
29.254918634942833
27.814184258461452
28.78211822290376
26.997029723987534
26.016748725197797
24.970414513250443
25.222626386477476
32.56850638366436
28.156898252908597
22.116391944713826
18.648302401168145
16.125685285997328
35.99178558475717
30.582042521261098
28.049164203176534
24.214493024524767
22.031808457629193
33.02417456753494
30.000960522013234
27.009609796479232
23.977058147777935
21.01112965611334
33.00887564592038
29.987155898901015
27.00028066598465
24.002115843536625
21.0049459323591
33.025659768656745
30.019389068433696
26.97667818355638
23.994779728335512
21.024469769335816
33.042456076581644
29.96959990256633
26.965644133864508
24.006489649651805
21.48670484409451
32.99408526792525
29.892658854507857
26.927903651514903
24.417055587219988
21.18999171284036
32.95635029984932
27.87695627079784
24.757448853375386
23.167956966388363
21.243063739087646
33.02941298229425
29.93941139185104
27.053392197278026
23.98568789991363
20.884758315163516
33.11549854591015
30.17676332501828
27.18449507372093
24.30820568175402
21.370704393711094
33.31559690307336
30.37165367958099
27.400712134425586
24.489291553693935
21.577719673593904
33.11341037538731
30.15891681865698
27.1576907832766
24.302502168718586
21.377193077235606
32.82025918495164
30.282654648124367
27.29306209438418
24.363307080220615
21.576493878307723
33.039077525264695
30.098982151110093
25.26058766788313
20.399306725388527
15.500928339528347
31.967899598229778
28.576190361734266
25.501418125492282
22.62324773916074
19.61392978100764
33.21070721036606
29.737491787536644
26.59217966956063
23.982396174406034
22.408323387022648
38.34892274926009
33.64068235915388
29.737135779866065
26.759442235572187
24.31376330052624
36.13076431618414
34.01263385225189
30.79073735724814
26.509397359043085
21.12501180441365
36.41967110157972
33.96619861277654
30.54532923893095
26.622536414221727
23.919431578633706
33.026990200194454
30.065403530451697
27.033007037615636
23.955082536397132
20.990792200680673
34.22850032905919
30.756479219815724
26.924614611777756
24.282803180495844
21.056738284517987
33.33619919814498
29.869758649285902
26.92167913893141
23.836446433949998
21.770511671635987
32.97021540209224
29.80940638111219
27.811976214385474
27.783120220556405
24.812489056188312
26.867106609786454
25.720983049325618
25.150042516924152
24.513051217508384
24.61727076530902
32.57797764832985
28.135856542804497
22.613129051076402
18.59470785599602
17.187304527299606
33.95114890170306
28.42272923762545
26.018569582298273
22.46356858208609
19.99571918096358
32.98705525078975
29.96469387291594
27.013069740347277
24.029482095994545
23.708644922866448
32.98722690347013
29.981177288536742
27.01438622944796
23.998155005145904
20.97617477874199
33.01060384529548
29.93453542355608
27.01379551349102
23.983162778616286
20.980554878635157
33.04113207556048
30.005194668335506
27.02576813325736
24.041411086795343
21.01957682010336
33.20838028778718
29.99156036038531
27.124912036521458
23.680499466900716
21.017920197819578
33.086468294977095
28.15804108335751
24.776137027454894
23.246110168555298
20.881196223477016
32.79219176948267
29.985953445835186
27.011999831858816
24.03481841136
20.952808038076974
33.102089071659265
30.133896784614226
27.09296329456787
24.164088125858747
21.241099697140374
33.305364649546625
30.336230548768604
27.321744747311527
24.42698173196022
21.547677148295975
33.1042766384636
30.129936804262382
27.087057763086868
24.153446561340722
21.24903623032658
32.92195708952357
29.991165502601174
26.9994745826623
24.05567666435391
21.18771440379357
33.041315687018326
30.060280550685118
25.137198070029534
20.295659599557393
15.592652947821914
31.781166524644
28.464592710852234
25.46662015299499
22.47129566765993
19.443610572559574
33.37842990713003
30.20675643593275
26.757170714544976
24.428128014160265
21.205537284298135
35.0927723025445
30.41784679636755
26.548672379579656
23.691254784801842
21.55364484430297
33.72383137548621
31.319245133972696
27.932487461682534
24.369709722168515
20.06466482219222
33.35706207541291
30.84093028392934
27.533680293394355
24.097662008010367
21.72837340426441
33.010346564504545
30.007153476155615
27.125518003914753
24.005961438600746
20.948312821621634
32.46698348379268
31.228891345149282
26.719353893406407
24.083495748875542
20.93943593736276
32.64820173778969
28.866854386078128
26.939166177176006
23.97839539327314
21.067279573994018
32.93255423576274
28.615291302801083
25.745513779406895
24.611077751291845
22.43707792890796
24.286586334123577
24.01097319955025
24.225794158778328
23.8391057110908
24.018119292752083
32.585202331703215
28.185420262777072
22.27503718809869
18.654911146911072
16.694956896333967
34.99960833028136
30.32397137416045
27.01974813746915
24.078564322045693
21.00226412093109
33.02210622153054
29.983902074550155
27.013090688095748
24.020221302420914
21.02264047755454
32.9863162305813
30.00076560547615
27.00284098964216
24.006353432048044
21.01382534401776
32.90243256026677
30.013619478288184
27.04256349537323
24.001492503516488
20.972181444413668
32.98776871266571
29.953785518288882
26.977539158867152
23.964946882548276
20.94154861702901
32.921154292707506
29.976074044077684
26.96157491754549
24.1173013180924
21.004298872553665
32.97724156529901
27.988346702179385
25.17501834239337
23.228388629131818
21.056204896500375
33.004272735117134
29.967184124011894
27.007646706166145
24.029104846630375
20.840469760362453
33.085103391860066
30.098887969618996
27.04560961055212
24.080931155525032
21.087270170733362
33.29237710058663
30.2858556961915
27.235490017401645
24.280919377920238
21.3119663293799
33.09187197120737
30.11886337512093
27.042381422195916
24.071890670602507
21.10822366072544
32.98075700224316
29.28108805461449
26.331515721735983
24.056944967773738
20.582691278072605
33.02864056521383
30.036457117040513
25.072332043685467
20.124012579054856
15.190386192572042
32.60915496237732
29.439278416975796
26.431312029551396
23.50147642296325
20.4384979479429
33.3012209994783
30.096419359058544
27.30575037594894
24.20800864557595
21.09574716335871
34.205095469271846
29.1529375218538
24.905903665233673
21.81866638445145
19.59607220840255
34.85576163429184
32.73142831791062
29.92804133721028
26.517253788552576
21.752872749945972
34.77951037407391
32.260722537185785
28.684709946000368
24.749071695552498
21.61865002006692
33.037969247035015
30.005266432606156
27.006654068999715
23.99020847598999
21.033196449031717
33.74463255355137
29.511822487605738
27.545196752720734
24.397554644885236
21.35482463641776
32.68535133037291
31.60596179155988
27.135543212838865
24.114591578704164
21.424194152524567
32.98813934458228
29.80766484688783
26.959541653932412
25.158399973941478
23.336364347730694
25.033335866631976
24.549211516884135
24.40809897169322
24.051713327832417
24.382183052712698
32.574168761089346
28.18887397845394
22.140678228539468
18.748698975637073
16.23779269637771
33.13380728505622
27.875869849219978
25.18046271363573
22.01293435843816
19.164744337081366
33.0319846016517
29.990846500907693
27.012402994427937
24.01140271911354
20.985471054489867
32.994721581166566
29.97780457648648
27.01869869740632
23.9894248227225
20.99640744495618
32.965447493798756
29.977680429164653
27.052974526340403
23.98199832109334
20.914283303806176
32.9917030802963
30.03242455081928
26.953881549972607
23.985886806803162
20.939862212436413
33.02098660022856
29.966740122190004
26.943051161317083
23.90806761633391
20.547161256190662
32.907787741965905
27.91431712890196
25.013553175052042
22.814106315167276
20.989300040569244
32.93714139972532
30.099074944465954
27.07255500871006
24.005611460106845
21.17090771838802
33.87251145309131
30.914521406266886
27.91463405037474
25.008529215948275
22.13100959159808
33.889090819470994
30.93247064464679
27.93742451268603
25.077645144597966
22.187026643888395
33.84458039387165
30.906696372582463
27.921956020000756
24.990318740158134
22.134378870934835
32.818033485172414
29.94737279654177
27.019307638180713
24.17566439849874
21.450026305443576
33.81167818457447
30.856318918190148
25.989599803930233
21.17980744454686
16.329388206327216
30.286096129970062
27.18202538955361
24.065222032435397
21.01398684733537
18.034271668860743
32.131006576718825
28.78839661044916
28.576539306946547
26.01347244480734
20.950229572506842
36.63400665666853
31.742271121275895
27.699943576654782
24.6351591806565
21.96670958047859
36.33294098161342
33.961136121552535
30.122214468562124
24.927665168390412
18.80733523613167
36.338689005819205
33.89930023499361
30.507713260420367
26.64300531574134
23.67164252800883
33.05216618479853
30.062222670223093
27.087769368774666
23.965613761136147
20.982700141775577
33.05507782689186
31.616625884178834
27.53740267888805
24.478976178908546
20.857692250631143
32.62933320860873
30.11176795501019
27.016006598535142
23.2810102217609
21.347575931164844
32.97797409738714
29.37078775674837
26.7657788817937
25.674441399077082
23.6901018411675
23.105834913434773
23.08430824493032
23.339599420924987
23.426391288328333
23.51188465997356
32.575706504346805
29.939179913501214
22.202504663631856
20.856144155054537
16.379469918913212
29.369915487432028
25.837275659289883
21.298805907204894
20.601920021179502
15.27947396173166
33.024672607757715
30.01753171946699
26.994036013246138
23.98086693993525
21.00453107347745
32.9954229876056
29.983438762863685
26.99781050867348
24.023458642833244
21.02467465017793
33.06613714722677
29.954945252309745
26.999347248347846
24.031579012987358
20.915683410564192
33.0610254329569
29.991469044918958
26.97833220202289
23.93444132509828
21.021994702069044
33.04256102845555
30.114242169082573
27.024572038857038
23.879932559934588
21.045594634991556
32.953738343228636
27.91898424980269
24.95980648635166
23.241155707092943
20.771519728787986
33.19755684370286
30.017021380452622
27.02722450919813
24.024802073026137
21.03570563602534
33.114910638979694
30.113203917676174
27.041845791924395
24.04557349966396
21.057810703447313
33.28888301999524
30.283357931733992
27.213827654273935
24.218438146974076
21.239626732403597
33.118985861843086
30.07801047384611
27.063617489033494
24.072391851141592
21.02994071243169
32.910146682018805
29.962041273345935
26.945973263265767
23.888583237583084
21.0576234230858
33.03957476953839
30.040212729322413
25.04742233131861
20.04854814249385
15.052678843215208
33.17764415359847
29.94808066411375
26.929262969206537
23.807053269388714
20.824734271707786
33.44538367153134
30.134237447366612
27.600242288624308
24.25104855457523
21.848908040254496
34.861912570004634
30.043279945829156
26.146357565532597
23.441929459759155
21.37504437203455
34.20500154087398
31.7872528101671
28.40912457109317
24.914377075862273
21.304613888378086
33.925083171874675
31.233895494288934
28.000825354693013
24.520267381692253
21.091415212753603
33.09198712414212
30.06707895469166
27.053534628230448
24.05768011131493
20.96809205451509
32.75373626598071
30.182615040417108
27.300146557149283
23.956618120868455
20.851141812366755
32.953543197148974
29.95919925236805
27.147874254667535
23.70569106968241
21.061021728705747
32.95425162151471
28.40743014881452
25.748022239820667
24.022874607698622
22.240305215710837
25.279501396203386
24.656170422478183
24.43250538784007
24.03576590663365
24.56541603692248
32.5691450837613
28.21581199304603
22.12516759571149
18.68822878664153
16.20863401575685
34.420248437470875
29.346734627653888
26.511528073072355
22.91236545827079
20.492425631558593
32.98401235794703
30.01991845542515
26.989634322138475
23.982870728357426
21.020717390296213
33.00656973402039
30.000208652219964
27.016210810667776
24.007077724616693
21.002305412230978
32.96679076970944
29.977148055392277
27.00959591832778
24.041588037852083
21.013292209760127
33.03432113035561
29.99682441525986
26.97947490180833
24.031643793325863
20.942533693058657
32.90956645245372
30.046455426700764
26.987381163716012
24.064911534854595
21.79379549721538
33.003954544791036
28.02475586022529
25.15357828064718
23.003619735139175
21.009487295829835
33.014608836360544
30.05768953948673
27.011183604856175
23.974160865401174
20.99147889486009
33.116643731250605
30.1186957952078
27.061145472621952
24.048754408186767
21.035969750758
33.30400698275699
30.295209160839597
27.22124547128039
24.234099282795004
21.25538924862809
33.120831623391574
30.136059985619465
27.045678547235617
24.05332153486533
21.037421051347728
32.85029214232699
30.18985813031001
27.10625278237635
24.10704283442259
21.22028302726843
33.05137850814981
30.05035040489132
25.051991886030134
20.057936487239623
15.144825474354844
32.89809000116228
29.600894563853636
26.47707992708702
23.54932534262631
20.514356859343934
33.19547328347525
30.286945011199688
27.508713145845057
24.994553867795194
21.624540591898153
36.301423464375674
31.493278871152533
27.61648188825008
24.912069268366377
22.8849246578503
34.15879413254593
31.827418836635495
29.000058289503762
26.19893463659952
22.274161643080962
33.621396650058855
31.38722339366574
28.448681744876968
25.094578841692172
22.1957802412701
33.05713423918342
30.011761642538897
27.069751529414113
23.988944303449358
21.010782930569984
33.74111423579874
30.46587076598705
27.556590806990513
23.820134291296206
20.711599407781996
33.397390193655724
30.009136202955222
27.074246243924016
24.03270393865798
20.621409940552745
32.76053170584446
30.577908929572484
27.815259395883665
25.63431116889182
24.388178734110795
26.310402947355875
25.555797414646474
25.005903057176326
24.55300344600164
24.712980706669605
32.56912482885676
28.24411829793947
22.116185617320156
18.7273840089544
16.140937222781766
33.83139297567321
28.890902436343197
25.837376095364547
22.244355564100893
19.81857171138777
33.023998267713125
30.03583539821222
27.054883903398704
24.012220497833546
21.00601627145781
32.99584505958307
29.97744397325697
27.02355504124405
23.995606061027836
21.014621964141767
32.94752435378751
30.09891136999559
27.080859583981024
24.023592023408273
21.030879901427035
32.98171848123958
29.96875990459644
26.984482932891858
23.93013384719557
20.909438242831087
32.974299420424174
29.9065117550693
27.012770278283664
24.021956992771806
20.99285369067345
33.052029674431466
27.904701328298856
24.889219203075417
23.1743988526161
21.023723873118726
33.004153552356726
29.992590278631816
27.091702181845804
24.068375530257672
20.926280662769237
33.14814502347042
30.136185472425243
27.08493168966477
24.092458259904358
21.13602498179143
33.31608382940873
30.31779863533872
27.275567531139387
24.344223177973923
21.402305775896544
33.149116462642525
30.12325755596542
27.101433374721196
24.084531128769243
21.140005156201024
32.80612231644545
29.840040316336967
26.976240168389268
24.201686424421133
21.645667558956568
33.066863491392255
30.07322936332659
25.096727110947334
20.15856669805853
15.309801453498098
32.283117229190076
29.11690232673816
26.156983998769697
23.103873238159483
20.105001617662936
33.31961324709367
30.006033125881643
27.31733018873505
24.326970403247216
21.357818808024142
39.844427246850664
34.94901079325895
30.602552839539108
27.0935793752372
24.3634631933287
37.55505698221745
35.59334168746406
32.60394114767527
28.887910382883582
22.766393609534354
37.25823566874023
34.99635381137829
31.531871498079063
27.10054667347127
23.346581843841783
32.988123347050056
29.965847311375864
27.061587818563023
24.01448959688021
21.0853439030755
33.62273522893417
29.600461890954826
27.21346228196608
23.87615342626091
20.857134255223585
32.99130508620155
29.96800414647362
26.98692605522337
23.925515883183493
22.296843884982213
32.977970500732624
32.37692414431357
30.509306944218867
27.698878942594693
26.02905058507707
23.822146590981408
23.658103325068307
23.64605577149733
23.67641935962127
23.702621079479265
32.60983209272637
28.227558802123237
22.169894026668548
18.780107454535504
16.22253606038855
32.34954416802067
27.386905162912818
24.40917999158206
21.219478382741947
18.388964787611886
33.007339140555175
30.01454307033093
26.99255712610556
24.002177937723694
20.996525911271206
33.02336332959265
30.007701565284066
26.994890063497884
23.98943202978137
20.99934420287028
33.02234444224987
29.932038958326046
26.977797919510046
24.08411380362635
21.075136925947486
32.93188381622769
29.997498403532582
27.000437655121694
24.027412352774547
21.064774960151333
33.06070305745431
30.001421175929266
26.978572938610384
23.96686063094654
20.909640002020126
33.007203353026135
28.084041640816615
24.978715490860036
22.882138878389956
20.945618849749017
33.0617069223361
30.026065728212778
27.012086619058728
23.834922136475303
20.999872847794787
33.097688818798915
30.094962198792132
27.00667566789773
24.011046655734006
20.98123933135993
33.2807720120745
30.25433832662381
27.19846416455859
24.19053523052542
21.18977444505252
33.074019631140004
30.06863239232032
27.008186777432503
24.039034260782795
20.987059215078688
32.87233473111477
30.102224374760517
27.132109664089135
24.15057807685986
21.31907013695756
33.02441176570032
30.02210721247319
25.01569349515202
19.992133917402075
15.041511973249603
33.169743242555725
29.879320238940604
26.893730001160034
23.845764824865206
20.81503141862337
33.401946621669985
30.207273175924566
26.797439855125877
24.459996422501014
21.694289657779066
35.69331322579846
30.923595094285545
27.06812286284384
24.416193731811397
22.463736617527296
34.9963616825605
32.56902805672783
29.227401050907993
25.80013178502138
22.062312940804837
34.343021657502455
31.860585989737935
28.534312730305658
24.837958538619212
22.29464421461431
33.039969915281056
30.073599505717652
27.05492367544935
24.119887982408518
21.069544948457374
32.997216060817145
29.77930891046031
27.721125346607558
24.418315789979776
21.02327270493042
32.58545533437148
30.02680112393466
27.415662847301554
24.250205037975725
21.050138621409587
32.91282909350525
28.834278272190318
26.572042989729063
24.872441561304512
23.525501188017927
29.492361518856896
27.424703589521013
26.2690835588807
25.26114184265451
25.87565008893673
32.56791400271026
28.190153044582726
22.111006975615012
18.658420166858804
16.10702196468687
36.19504505628472
31.430234286367465
28.299456638718155
24.630858327321636
22.28208473701001
32.99327511886194
29.982856393670765
26.955731834450724
24.011463320665566
21.008219412636883
33.00844619362034
29.975400444753028
26.99956163063892
24.005139740104532
20.983438868572858
33.0020908745184
29.97395000482376
27.098330741091342
24.000905838639696
21.012163251404786
33.01565742840784
30.063275114914152
27.008749833007066
23.933684476784734
21.053094345646308
32.9599133306351
30.037589798935965
27.11236421436211
23.019892915165872
20.832947409001598
32.95870981232315
27.782339154283108
25.073068379012483
22.841988633938982
21.060104575113048
32.96692059091629
30.001771994337837
27.159890526798726
23.91556105242243
20.89837466910087
33.599934140499506
30.623095389794255
27.587364591349953
24.618506637244476
21.650986496911166
33.74407984635166
30.766496383199538
27.716714035196027
24.77020424804351
21.78360809154203
33.565931466639995
30.632472585716187
27.589847118939765
24.67006435472397
21.64963326341269
33.09435385847833
29.97524788034727
27.022654488698148
24.00698624485715
20.984943548750156
33.54591362007333
30.5636827341895
25.612365043792234
20.6666508913877
15.707902978815332
31.428964882886344
28.116624353366298
24.997348841886918
22.035614690828368
19.035490513755427
34.09809582374183
30.657205536831484
27.8990983152216
25.229196054877296
21.653646455367813
23.473447222726477
18.78496979204505
15.71672530020767
14.195405787731257
13.317297903544974
38.361360849539295
35.00648508828154
30.087696663145337
23.290156352509403
17.690588658640504
25.766245779787106
24.6772530943313
22.04263954746518
19.106864701483573
16.60163649441194
32.9852274128873
30.081396752584013
26.93480747710254
24.00226331156599
20.963098436030773
25.92792503539005
24.63347244262899
23.635521935038234
21.466030634558223
19.27299175382279
32.53848384637698
30.472668564062847
26.989664951908722
24.206554930277274
21.002382033949196
32.2663372982673
25.86955652067457
24.12575432117866
23.220537255710283
21.347626137507206
20.14091403588357
20.682166269188418
21.110566782941763
21.84460834088692
23.763981776536454
33.32811540482708
28.473886802025042
22.976904089174912
18.99620381385494
17.133944350841855
30.164715940868593
28.46718379440173
22.264664276981488
22.82188251948421
16.270843822314
33.0271266078049
30.067767615915628
27.02485405090907
23.98772309996462
21.016396452595302
32.98243511724856
30.010877465143146
26.97633143672064
23.98264544262398
20.996976987418638
32.950312825556246
29.96692261706481
27.009556957360942
23.93852474243387
20.901545176423614
33.021836677713466
30.062467233737678
30.812682951105902
23.96933028021836
21.019697151670414
32.93804204096385
30.01503277875257
27.035785745491346
24.020797550036598
20.959281469742855
32.76799528129663
28.007214589673136
24.940627456942842
22.852196383782406
20.94192250605645
33.15927381612037
30.23296844500974
26.88907159215536
23.96636084093656
20.75527634258533